V1	V2	V3	V4	V5	V6	V7	V8	V9	V10	V11	V12	V13	V14	V15	V16	V17	V18	V19	V20	V21	V22	V23	V24	V25
7.34584	0.06198	4.98306	54.58862	0.20392	0.30758	0.14848	3.10154	0.1762	0.96086	0.1889	0.22708	13.08256	0.05232	2.9758	2.66028	539.7773	232.8	0.21028	0.17512	544936.0368	3.35202	0.17514	14.2	0
6.45434	0.08474	3.66564	50.6606	0.24492	0.3248	0.1449	2.36998	0.33604	0.94486	0.36166	0.16536	5.58886	0.0987	1.59726	1.93228	460.1856	189.8	0.3013	0.13912	1232356	2.59756	0.22694	13.4	0
7.56484	0.05706	6.13882	60.21006	0.19184	0.30068	0.1415	3.39498	0.20172	0.9777	0.18292	0.17784	13.43646	0.04706	4.1297	2.63436	925.5845	236.4	0.1984	0.14714	1985580	4.02082	0.15086	3.8	0
7.03514	0.07406	6.56018	49.0415	0.22468	0.37012	0.179	3.61588	0.23092	0.91788	0.1547	0.28068	12.54268	0.05338	1.86746	2.3738	358.61568	214.6	0.18476	0.21616	218099.7747	3.4778	0.19394	31.78	0
7.1098	0.07164	4.36824	95.54778	0.22276	0.2977	0.14124	3.19836	0.20228	0.96442	0.21472	0.19284	10.84132	0.05706	2.76066	2.48462	626.5067	186	0.21694	0.15532	1164186	2.75246	0.17926	6.6	0
6.1365	0.08025	2.2087	22.5818	0.2283	0.30755	0.1346	1.72325	0.46595	0.912	0.36225	0.11125	3.023	0.09375	0.64875	1.40655	806.7038	142.5	0.31375	0.1003	2091836	1.31045	0.312	0	0
7.0833	0.07776	7.60396	51.14442	0.2379	0.36442	0.17174	4.6015	0.18426	0.95046	0.1763	0.25558	13.75512	0.05434	2.7909	2.6268	441.53046	198.4	0.18702	0.20344	239584.2751	3.976	0.15904	23.2	0
6.74636	0.08064	3.8832	87.16634	0.23532	0.33358	0.15316	2.43946	0.31268	0.89318	0.2139	0.22554	8.70556	0.0734	1.09702	1.98182	444.09302	184.2	0.29064	0.1766	946621.5171	2.22582	0.24804	29.2	0
7.105	0.0659	5.9629	43.3313	0.2148	0.3714	0.1822	3.1449	0.2023	0.9275	0.1851	0.2791	11.1575	0.0594	2.0507	2.4681	313.8413	199	0.1992	0.2133	212300.8222	3.0045	0.1886	20	0
6.556225	0.0824	3.607125	43.6766	0.240575	0.325225	0.146975	2.700075	0.345175	0.93455	0.312975	0.158325	5.160775	0.08175	1.365825	1.869	554.2745	189.5	0.253425	0.136075	1595508	2.351625	0.236475	3.25	0
6.8633	0.07283333	5.2148	39.79943	0.2223333	0.3669	0.1804667	3.342033	0.2325333	0.9248	0.2465	0.2855	10.64213	0.08373333	2.0574	2.372167	284.8761	199.3333	0.2816333	0.2108667	214085	3.2772	0.1973667	22.66667	0
6.7115	0.082175	4.25465	46.50742	0.244375	0.319	0.145775	3.03205	0.32925	0.95855	0.26535	0.14845	6.15395	0.06915	1.831075	2.001425	695.3625	188.25	0.2236	0.128075	1891575	2.753225	0.19665	2.5	0
6.86168	0.08094	5.16838	50.3302	0.24318	0.32984	0.15116	3.74554	0.2217	0.94218	0.2023	0.21512	10.00402	0.0605	1.91938	2.3773	467.34294	216.8	0.21672	0.17208	554685.4003	3.3276	0.188	19.6	0
7.39386	0.03784	3.26574	17.40762	0.1352	0.25362	0.1199	1.60978	0.26158	0.96416	0.29708	0.17152	8.40528	0.05626	2.48378	2.26706	581.0012	183	0.25136	0.14108	1812799	2.82486	0.1943	7.4	1
7.08316	0.04212	2.87212	14.35188	0.15174	0.21582	0.0977	1.81136	0.429	0.97824	0.2887	0.0877	6.02124	0.04936	2.10208	1.77674	1788.71	185.2	0.23566	0.07944	11711930	2.8335	0.19316	1.4	1
7.0645	0.055875	2.281775	37.6884	0.1968	0.2524	0.112575	1.73445	0.41755	0.9411	0.3477	0.11875	3.958225	0.0679	1.031875	1.6306	957.8383	173	0.29445	0.104175	9021499	1.864675	0.256875	0.75	1
6.67216	0.08054	3.1367	61.6013	0.24382	0.31374	0.14124	2.24986	0.28906	0.9263	0.33464	0.19476	6.02386	0.09216	1.37762	2.03536	346.1763	187.6	0.30448	0.15842	1005650	2.26562	0.23438	11.8	1
6.88462	0.0747	4.91066	45.20944	0.2268	0.34728	0.16486	3.0519	0.25368	0.9182	0.19168	0.25282	10.51776	0.06588	1.61608	2.24672	402.68306	194.4	0.25958	0.19374	391516.5784	3.02168	0.21096	27.6	1
7.657525	0.0372	3.7542	20.32818	0.144	0.237525	0.118125	2.2336	0.169975	0.96315	0.182025	0.1986	14.93417	0.0398	2.74185	2.66165	944.6494	198.25	0.21405	0.1573	680309.8	3.271	0.17305	23	1
7.353733	0.0388	3.2294	27.23783	0.1402667	0.2815	0.1297333	1.2922	0.3421333	0.9563	0.2940333	0.1498667	5.894633	0.0612	1.738633	1.9554	675.8288	178.3333	0.2651	0.128	3659890	2.328533	0.2130667	4.666667	1
7.23315	0.057675	4.446525	41.81213	0.195	0.273975	0.1277	2.763675	0.27615	0.9737	0.237375	0.150225	9.8421	0.05665	2.9356	2.2981	964.9995	214.75	0.256125	0.1259	3038779	3.481475	0.1758	5	0
7.7286	0.059125	6.250875	83.34928	0.200075	0.28215	0.131175	4.00695	0.227075	0.980225	0.19325	0.164675	13.82675	0.045	4.30615	2.55305	1244.945	247	0.196025	0.136925	4306156	4.628575	0.143075	9	0
7.417075	0.0461	2.916325	38.80387	0.160075	0.2476	0.1176	1.884875	0.235825	0.9576	0.265975	0.173625	8.994875	0.0582	2.093525	2.308775	673.0063	175.25	0.269475	0.141975	1810740	2.52255	0.20395	11.25	1
6.948825	0.0798	6.20835	48.12355	0.238325	0.345125	0.158775	3.940175	0.2606	0.96485	0.2417	0.179475	8.8248	0.06685	2.66615	2.312725	585.4167	214.5	0.2125	0.1527	1079638	4.101525	0.164325	10.75	0
7.17245	0.06365	5.4583	40.04915	0.19955	0.31955	0.151	3.12975	0.1741	0.9624	0.20455	0.233	13.74585	0.0569	3.1768	2.66405	609.67405	211.5	0.2175	0.17965	416608.1028	3.4431	0.16315	17	1
7.58918	0.03778	3.75262	20.98882	0.1452	0.24908	0.12146	2.05888	0.17842	0.96262	0.18746	0.1915	12.68414	0.04006	2.5914	2.58538	804.8882	185.8	0.21364	0.15324	823339.6043	2.94516	0.18528	15	1
8.20785	0.03505	4.297675	46.08682	0.138275	0.2612	0.125075	1.9226	0.187825	0.95875	0.174075	0.207425	14.02155	0.04035	2.6885	2.6132	823.428	207.75	0.233925	0.16285	1684383	3.577075	0.1801	23.75	1
7.173375	0.065125	5.410075	48.58998	0.2117	0.319575	0.149525	3.093425	0.23755	0.9233	0.146625	0.238375	12.29855	0.044325	1.6554	2.30905	510.7188	206.5	0.192175	0.186175	468836.6	2.9454	0.21175	32.5	1
7.2399	0.06428	2.68334	133.2629	0.20554	0.26874	0.12294	1.96176	0.2866	0.95088	0.31354	0.16056	6.5498	0.07916	1.79482	2.08254	639.83	186	0.34406	0.13386	5308960	2.35896	0.23654	7.4	1
6.85355	0.07465	6.02905	54.0424	0.2263	0.3078	0.1466	4.03345	0.228	0.917	0.0819	0.2432	19.49865	0.02695	1.4897	2.30305	776.9161	199.5	0.113	0.1833	239798.2502	2.3035	0.2255	52.5	1
7.59518	0.0444	4.1264	35.54302	0.16594	0.29188	0.13744	2.07868	0.24866	0.953	0.26206	0.19176	7.98454	0.05946	2.17014	2.2759	461.0113	239.8	0.25252	0.15548	1822563	3.22378	0.20022	8.8	1
6.77092	0.07844	4.20798	43.48978	0.23698	0.34434	0.16234	2.8627	0.24316	0.90716	0.24222	0.25554	8.84798	0.07516	1.45064	2.23106	289.89848	197	0.24818	0.19788	275416.2336	2.56964	0.2182	20.8	0
7.237725	0.06475	5.47645	56.54693	0.213825	0.3204	0.146925	2.833175	0.2192	0.961375	0.2358	0.20675	10.6602	0.06655	2.78945	2.480825	600.2655	247	0.27295	0.1658	1064575	3.790875	0.17575	12.25	1
7.3697	0.06586	4.57208	182.7119	0.2097	0.3163	0.15328	2.80704	0.2008	0.94436	0.18524	0.23358	11.75042	0.05542	2.33814	2.5054	492.6718	233	0.22788	0.17876	1236090	2.72788	0.2044	16	0
7.03128	0.0729	6.57888	44.609	0.2199	0.37302	0.1842	3.69852	0.2063	0.92098	0.14416	0.29294	13.58164	0.04934	1.96642	2.46894	359.404	201	0.17952	0.2164	154966.1422	3.11022	0.19302	31.8	1
6.88108	0.053	1.96392	27.91044	0.18352	0.21792	0.09344	1.50666	0.37716	0.96182	0.28162	0.08676	4.62356	0.05508	1.16182	1.7373	2043.085	141.6	0.26092	0.07846	11642380	1.5032	0.25684	2.2	1
7.01508	0.04186	4.68924	10.8177	0.15366	0.27634	0.13386	2.5449	0.2221	0.97298	0.22148	0.17786	11.39526	0.04826	3.51374	2.50532	676.98074	219.8	0.19488	0.14556	772685.74	3.3606	0.165	5.6	1
7.30284	0.05534	3.34028	59.95348	0.18924	0.28452	0.13014	1.8467	0.27488	0.93358	0.26506	0.18624	7.60184	0.06966	1.53636	2.14136	601.1582	204.4	0.3271	0.15006	3105993	2.5976	0.22754	14	1
6.651767	0.08416667	7.9365	32.29767	0.2426333	0.3413333	0.16	5.2092	0.1934	0.9487667	0.1101333	0.247	18.96747	0.03583333	2.5178	2.582133	685.2573	190.3333	0.1410667	0.1914	166790.3	3.324267	0.1748	40.66667	0
7.418775	0.047025	3.616525	33.33115	0.164725	0.25895	0.1212	2.053325	0.214875	0.96335	0.2654	0.1855	9.97125	0.060175	2.599925	2.446775	617.4089	219	0.29095	0.149875	1332835	3.06905	0.1854	13.5	1
7.41205	0.048775	4.760925	30.63275	0.17345	0.294375	0.144975	2.529625	0.1764	0.955675	0.182725	0.24135	14.88125	0.053125	2.794375	2.66435	567.3632	211.25	0.254	0.182625	361622.6	3.502975	0.171375	24.75	1
7.00055	0.03975	2.4957	12.75538	0.142075	0.243375	0.114575	1.34305	0.376825	0.960325	0.291475	0.1127	5.1612	0.05775	1.48655	1.817225	1046.249	160.75	0.254375	0.099375	4248402	2.01255	0.222975	0.5	1
7.0934	0.07276	6.41112	52.77688	0.22522	0.37306	0.18244	3.48126	0.20018	0.93796	0.20498	0.27874	11.90548	0.06784	2.43368	2.52998	358.17088	207.2	0.22918	0.21268	250915.9896	3.5906	0.1725	21.2	1
7.90964	0.02918	2.83232	22.3594	0.11892	0.22588	0.11072	1.37332	0.24854	0.96256	0.2897	0.17112	8.61662	0.05594	2.32108	2.3168	658.9435	200.4	0.3224	0.1401	2841410	3.00538	0.20336	12	1
6.46968	0.08342	3.81358	34.008	0.24052	0.3237	0.1506	2.76708	0.22662	0.92366	0.26222	0.23288	8.8277	0.07902	1.5597	2.26374	359.45214	164.2	0.26024	0.17932	271841.8391	2.41218	0.20904	18.4	1
6.7685	0.04155	4.672975	8.0418	0.1459	0.304425	0.1411	1.9734	0.2688	0.959725	0.2943	0.1898	8.07515	0.062675	2.4865	2.2492	457.3494	222.5	0.22785	0.1551	598057.7	3.53655	0.194175	6.75	0
6.80726	0.07716	5.86504	43.24932	0.23014	0.31474	0.1419	3.76924	0.24668	0.9294	0.11844	0.2144	13.57668	0.03578	1.57226	2.26804	678.06248	200.4	0.13658	0.17086	482811.0989	2.90168	0.21046	39	0
6.9382	0.07504	5.92558	43.3736	0.2128	0.3582	0.17018	3.57058	0.23132	0.93894	0.2036	0.2345	9.74774	0.05964	2.0595	2.35908	379.63964	213	0.18034	0.1928	412105.0853	3.4737	0.19266	13.6	0
7.40502	0.0557	7.53122	34.235	0.18892	0.37832	0.19008	3.737	0.1525	0.95394	0.14496	0.30558	19.4098	0.04978	3.61358	2.87088	507.27608	247.4	0.17626	0.22356	78644.55044	3.83948	0.15782	26.8	0
7.42384	0.04532	3.85698	32.31134	0.1598	0.29248	0.13384	2.06926	0.3026	0.95828	0.27928	0.16762	7.0523	0.06088	2.06088	2.11796	690.914	208.6	0.24454	0.13944	3301125	2.83348	0.19876	4.8	1
7.49014	0.0359	2.3658	21.14812	0.1415	0.21966	0.10262	1.50008	0.4065	0.96882	0.29872	0.0984	5.0612	0.05224	1.59832	1.77584	1719.785	171.8	0.26244	0.08812	17911240	2.24006	0.21236	2	0
7.547833	0.03233333	3.976567	11.86737	0.1292333	0.219	0.1062	2.176067	0.1908667	0.9766667	0.1916	0.1516333	12.09893	0.03273333	3.352567	2.592967	1090.708	205.6667	0.1810333	0.1272	1913669	3.847133	0.1618667	6.333333	1
7.0385	0.07968	5.76014	64.83404	0.24014	0.34576	0.16344	3.84052	0.2206	0.92802	0.1684	0.25206	11.92196	0.05438	1.954	2.40792	403.71066	211.4	0.20178	0.1941	389132.8313	3.31556	0.19806	25.8	0
7.41168	0.04082	1.83854	37.74832	0.15044	0.20814	0.0915	1.15	0.3374	0.94444	0.3324	0.11086	5.10184	0.062	1.11348	1.81898	1445.206	167.6	0.33716	0.09698	14931450	1.61892	0.27208	6.6	1
7.63945	0.057625	5.12	115.1649	0.193575	0.32035	0.156425	2.98885	0.191725	0.94105	0.1507	0.256225	14.7947	0.04595	2.328325	2.5717	523.0707	233.75	0.1988	0.191375	733760.8	3.082475	0.194875	29	1
6.93058	0.0722	3.67554	54.58426	0.22382	0.32578	0.14924	2.49506	0.2603	0.92188	0.27008	0.21986	7.28586	0.07768	1.45466	2.159	344.37476	188.4	0.27586	0.17366	710908.3345	2.49566	0.23072	14.6	1
7.47674	0.05896	3.99218	93.8003	0.2014	0.26254	0.12066	3.03186	0.25152	0.97272	0.2045	0.14692	9.87568	0.0451	2.7237	2.34038	1190.78	197.8	0.199	0.1247	5462378	2.7468	0.18296	3	0
6.7448	0.082	6.489	29.1018	0.2435	0.38795	0.19175	4.3148	0.18445	0.9441	0.19565	0.28415	12.1099	0.0619	2.70045	2.59045	285.1727	191.5	0.17855	0.21475	94845.1784	3.24305	0.17305	16	1
6.8863	0.08578	5.78374	70.73308	0.24642	0.33596	0.15426	4.00758	0.22162	0.94862	0.20946	0.22042	11.34438	0.06594	2.27204	2.43602	514.9117	210.8	0.23224	0.17488	564279.5965	3.79838	0.17688	23.4	0
7.33864	0.06492	4.23534	94.94294	0.20742	0.31512	0.15204	2.69856	0.20124	0.94646	0.22128	0.24532	11.66808	0.06786	2.3325	2.50658	437.06268	225.6	0.27908	0.18508	715903.2359	2.97056	0.19072	21.2	1
7.46196	0.06102	5.76044	69.64306	0.20146	0.34014	0.15966	3.40968	0.26886	0.9702	0.21768	0.18306	10.051	0.0543	3.29484	2.3224	664.2771	208.2	0.18586	0.15332	2402864	3.42484	0.16406	2	1
7.60694	0.03508	3.4085	18.84056	0.14018	0.25026	0.11906	1.79648	0.20318	0.96272	0.2358	0.18498	10.88376	0.0496	2.53428	2.47242	732.4587	199.2	0.24704	0.15012	1299466	3.03044	0.1883	13.2	1
7.246417	0.04938333	4.088333	25.74567	0.17485	0.2886167	0.1324667	2.34575	0.2559833	0.9573167	0.2343667	0.1691167	8.2777	0.05193333	2.08725	2.238783	669.6297	202.1667	0.21065	0.1410333	1551646	2.696817	0.19995	5.166667	1
7.26154	0.06316	4.18066	63.5227	0.20196	0.28994	0.1398	2.83558	0.19804	0.96416	0.21168	0.19752	10.92176	0.05386	2.79982	2.51094	542.3553	197	0.22284	0.1585	1029192	2.89536	0.17996	5.6	0
7.64866	0.04112	3.02946	33.69864	0.15332	0.21358	0.1034	1.99008	0.21432	0.9738	0.2558	0.15012	10.48138	0.05088	2.9551	2.47216	1047.78	202.6	0.28584	0.12612	3565389	3.36886	0.17616	9.8	1
7.71776	0.05296	5.6578	83.26322	0.1811	0.32152	0.15748	2.95074	0.17882	0.94652	0.14142	0.26078	15.91068	0.0427	2.51288	2.65178	554.99404	230.8	0.18544	0.1939	458823.6965	3.20166	0.18206	29.6	1
7.44	0.030375	2.992675	11.16455	0.1172	0.229775	0.1125	1.4485	0.24685	0.9598	0.258275	0.165325	8.952775	0.048375	2.248275	2.30515	727.9862	199.5	0.250375	0.136025	1919199	2.833425	0.204425	9.75	0
7.36724	0.05134	2.84934	63.6249	0.17796	0.30696	0.13922	1.5896	0.34376	0.92518	0.35322	0.17632	4.77634	0.08444	1.2326	1.84264	371.7917	196.2	0.30408	0.14892	2863493	2.07804	0.25462	3.2	1
7.3404	0.0366	2.64068	14.58654	0.14052	0.20636	0.09822	1.63208	0.26758	0.97254	0.2545	0.12506	8.3024	0.04534	2.42398	2.25106	1311.566	181.8	0.25658	0.1082	4360096	2.70092	0.19316	5.6	1
7.4495	0.04762	8.53682	23.46002	0.16584	0.29534	0.14656	4.1262	0.165	0.95732	0.06976	0.24744	29.00878	0.02148	2.96076	2.78784	1166.71502	240	0.10392	0.18476	243309.2358	4.1309	0.16042	61.2	1
7.16894	0.06448	3.369	75.1187	0.2078	0.27454	0.1241	2.3374	0.25482	0.94096	0.22806	0.18668	9.24978	0.06246	1.60318	2.23368	752.8641	198.6	0.28714	0.14964	2267694	2.4688	0.21532	23	1
6.88416	0.07314	3.13696	74.09794	0.22782	0.2682	0.1188	2.38674	0.3181	0.96418	0.29362	0.13178	6.65722	0.07024	1.97448	2.02222	1078.001	181.4	0.29072	0.11348	5159228	2.35582	0.20454	5	0
6.8374	0.0792	5.6479	38.96493	0.2405	0.3414	0.1591	3.695533	0.2155333	0.9433333	0.1887	0.2198667	10.57073	0.0569	2.089167	2.416867	476.2781	215.6667	0.1967333	0.1750667	412651.5	3.283233	0.1867667	18.33333	0
6.78374	0.0848	5.33292	54.25688	0.2501	0.32572	0.14856	3.61568	0.2145	0.94386	0.1806	0.21274	11.11612	0.05298	1.94224	2.41666	549.13672	200.6	0.1917	0.16824	575014.4241	3.00544	0.19084	22.4	0
6.4215	0.08834	3.37236	41.75034	0.24978	0.31034	0.13762	2.8056	0.3297	0.95066	0.2878	0.14128	5.4946	0.07676	1.51434	1.9314	661.6811	163	0.24618	0.12202	1755844	2.1799	0.22064	3	0
7.5085	0.038625	3.421225	22.95547	0.146825	0.250475	0.116675	1.713475	0.2744	0.972175	0.24235	0.137225	7.948525	0.048525	2.4992	2.23225	1048.391	193.25	0.238925	0.11825	4124332	2.953275	0.1833	3.75	1
7.559075	0.0334	3.8195	14.76905	0.13395	0.25735	0.121975	1.776	0.29415	0.973925	0.2368	0.13805	8.371125	0.045675	2.8062	2.19435	1014.065	186	0.21805	0.11865	3959748	3.060425	0.176425	3	0
7.440575	0.054975	4.141075	81.98945	0.1838	0.303225	0.14475	2.122225	0.265475	0.944775	0.30385	0.21535	8.706125	0.074675	2.11185	2.2448	401.2086	229.25	0.29045	0.16935	1940865	2.866575	0.21635	12.25	1
7.47186	0.0617	4.49516	100.2537	0.2045	0.29472	0.14022	2.87958	0.19476	0.95762	0.22242	0.22808	12.80214	0.06384	2.80808	2.58444	540.9535	219.6	0.27484	0.17512	1086355	3.42544	0.17456	21.8	1
7.54642	0.03812	2.7592	25.69278	0.14244	0.22452	0.10406	1.65662	0.36236	0.97086	0.29708	0.11062	5.88898	0.0522	1.94916	1.92994	1339.846	195.8	0.25998	0.09772	10707850	2.64402	0.2001	2.4	0
7.44896	0.04126	2.56336	26.32604	0.15336	0.20982	0.09698	1.63642	0.23894	0.96716	0.31142	0.1515	9.26484	0.06182	2.48794	2.33642	892.1821	198.8	0.34066	0.12662	3258889	3.1048	0.20186	15.2	1
6.9643	0.07978	6.58156	49.65134	0.2398	0.33082	0.15234	4.49614	0.1944	0.9439	0.13504	0.22924	13.93284	0.04094	2.15104	2.52476	576.00664	209	0.1591	0.18166	389808.1218	3.38362	0.183	27.8	0
7.24502	0.06154	3.46218	65.94554	0.20764	0.26304	0.1213	2.53874	0.2343	0.96842	0.29534	0.17596	10.03874	0.0735	3.00318	2.41152	729.4534	214.6	0.32688	0.14362	1630797	3.25056	0.1942	12.6	0
7.7451	0.0477	4.7285	78.6911	0.1612	0.3285	0.1603	1.9555	0.2179	0.9441	0.254	0.256	9.8937	0.0726	2.3692	2.4504	375.6179	238	0.295	0.1932	860621.9352	3.3726	0.1971	16	1
7.59075	0.034775	3.09905	21.75082	0.13575	0.249875	0.1133	1.3601	0.315525	0.964575	0.32485	0.153175	6.796275	0.05575	2.2162	2.07605	579.796	197	0.24275	0.1294	3822691	2.7513	0.204025	6.75	1
7.78702	0.04274	3.54452	55.65908	0.15762	0.2412	0.1132	1.7795	0.20348	0.96722	0.23148	0.16996	10.81206	0.0525	2.63732	2.5175	898.2151	215.2	0.30214	0.13976	2750961	3.17148	0.18088	14.8	0
7.513175	0.05245	7.366425	33.5554	0.1801	0.271225	0.132725	4.589925	0.16175	0.9634	0.07345	0.2225	27.32238	0.021625	3.0704	2.7815	1260.248	236	0.112725	0.1714	456601.3	4.141225	0.15685	50.75	0
7.32318	0.06352	5.05684	65.86766	0.2086	0.3196	0.15252	3.10092	0.1856	0.95488	0.20796	0.24298	12.98926	0.0607	2.7625	2.6023	498.88146	232.2	0.25336	0.185	518244.5808	3.25218	0.17372	20.2	0
7.2708	0.048	3.60765	29.7934	0.169075	0.26655	0.124575	1.91195	0.291825	0.96735	0.325175	0.17055	7.813125	0.06385	2.647425	2.1953	562.6516	224.5	0.247325	0.140925	2506690	2.740625	0.194275	7.75	0
7.32476	0.03374	2.71952	12.83872	0.13302	0.21788	0.1048	1.52072	0.26942	0.96922	0.22366	0.12632	7.48502	0.039	2.10392	2.19272	1025.128	178.8	0.21742	0.10976	3730733	2.28552	0.20706	1.4	0
7.5748	0.05305	5.52045	43.80775	0.180975	0.270625	0.12835	3.2778	0.1637	0.9718	0.15795	0.193425	16.25382	0.038675	3.720975	2.758725	893.8455	235.25	0.181275	0.15515	989066.4	4.037425	0.15485	15.5	0
7.13084	0.05146	2.54734	28.01474	0.18062	0.22742	0.10486	1.92654	0.24794	0.96254	0.28888	0.14686	7.89426	0.06098	2.05946	2.24422	764.5062	172.2	0.31574	0.12422	1970772	2.65676	0.20362	8.4	0
7.6092	0.04066	2.9314	44.72724	0.14956	0.2447	0.11076	1.57188	0.40646	0.97052	0.29754	0.1069	5.52412	0.05426	1.87138	1.8106	1417.838	192.6	0.24206	0.0953	19300580	2.37078	0.20022	3	1
7.329	0.04255	4.07555	17.2919	0.15995	0.26115	0.1217	2.71825	0.3474	0.9772	0.21125	0.1149	7.39015	0.03985	2.56005	2.03825	1297.524	188	0.18375	0.10215	5479170	3.0238	0.1755	0	0
7.32286	0.0653	4.08616	110.7726	0.20858	0.29392	0.13812	2.67806	0.22782	0.96456	0.25444	0.19302	10.20658	0.06932	2.80928	2.43446	657.8479	217.2	0.28948	0.15494	2072048	3.23944	0.19	8.4	0
7.56058	0.04724	4.43248	37.28886	0.1721	0.25744	0.12042	2.58482	0.20002	0.97072	0.21202	0.17292	11.27004	0.04464	3.02116	2.55646	722.927	233.4	0.21716	0.14274	1629737	3.55422	0.16694	10.4	0
7.6978	0.0422	3.755233	34.80743	0.1557	0.2329	0.1091	2.162033	0.2206667	0.9777	0.2171333	0.1397	10.68623	0.04246667	3.146633	2.445067	1230.777	204	0.2269333	0.1192333	4683704	3.126	0.1671333	6	0
6.791375	0.082125	4.6271	62.21175	0.2404	0.33225	0.15455	2.957825	0.249225	0.9284	0.21205	0.234925	10.20115	0.070625	1.682675	2.2732	413.1504	197.75	0.281775	0.181625	511711.8	2.9765	0.202875	25.5	0
6.9932	0.07515	4.0726	73.9239	0.231325	0.36465	0.17265	2.627925	0.278275	0.889775	0.27015	0.2644	7.355375	0.087125	1.279275	2.094	229.4074	199.25	0.293825	0.208075	624181.7	2.555275	0.23615	17.75	1
7.098225	0.066375	6.7823	35.7073	0.207925	0.3914	0.197325	3.4791	0.216475	0.9106	0.150425	0.311725	12.9253	0.0534	1.89475	2.419325	295.5424	195	0.18055	0.228575	147518.7	3.1784	0.19515	31	1
6.8979	0.06506	4.1758	31.26458	0.20598	0.34064	0.16198	2.58642	0.25156	0.92254	0.26672	0.23614	7.70334	0.0771	1.65714	2.21094	320.4325	177.8	0.25036	0.18316	407709.843	2.65468	0.2105	13.2	0
6.745075	0.082225	5.22865	46.41967	0.24065	0.3322	0.156975	3.612825	0.218225	0.926825	0.169325	0.244175	12.31558	0.05255	1.720575	2.3631	436.206	199	0.1822	0.185325	342826.5	2.79455	0.20305	28.5	0
7.11558	0.06692	4.2781	53.83466	0.21874	0.31152	0.14282	2.65766	0.34862	0.96808	0.21482	0.13224	6.8785	0.05752	2.13554	2.01	1349.591	216.6	0.23434	0.11504	6190664	2.79428	0.19704	0.6	0
6.82854	0.08158	4.05714	64.98888	0.24128	0.33716	0.15658	2.66732	0.2617	0.91384	0.23266	0.23448	8.57022	0.07494	1.46488	2.18296	353.05472	195.6	0.2847	0.18232	594505.25	2.7657	0.2257	21.26	1
6.761925	0.0865	5.597675	71.9472	0.243575	0.3306	0.1521	3.707275	0.245	0.926625	0.1318	0.22485	12.97	0.0434	1.595425	2.27025	612.684	194	0.16405	0.174875	534061.3	2.72015	0.207825	37.5	0
7.092375	0.073175	6.720975	58.63813	0.221075	0.388775	0.194775	3.66865	0.1977	0.920575	0.1684	0.308975	13.34515	0.058925	2.156975	2.5158	326.1006	201.25	0.1885	0.228975	134455.7	3.1305	0.18255	27	0
7.727775	0.03665	3.6894	24.3263	0.144725	0.2483	0.1172	2.012975	0.244275	0.9745	0.234075	0.152525	9.820425	0.044325	3.028375	2.3717	1031.97	191.75	0.212325	0.128325	4489841	3.11	0.172875	5.25	1
7.54714	0.03998	3.4842	23.4819	0.14788	0.23132	0.10954	2.19772	0.21758	0.97454	0.23524	0.14984	10.42508	0.0448	3.00962	2.44246	1075.123	192.4	0.22064	0.12634	2990487	3.1467	0.17186	7.8	0
6.89152	0.0824	4.49302	81.9683	0.24212	0.32954	0.14912	2.97312	0.26102	0.94702	0.30638	0.20006	7.58484	0.08818	1.9617	2.22444	409.7499	225.8	0.28576	0.1637	1019081	3.53716	0.20074	16.6	0
6.85104	0.07792	4.33776	53.58766	0.2328	0.32074	0.14766	3.01534	0.24048	0.94358	0.24296	0.19478	7.86958	0.0676	1.81112	2.26102	446.9866	186.6	0.23996	0.15838	824526.9717	2.79408	0.2021	11.6	0
7.296967	0.06306667	7.035	66.11387	0.2024	0.3409	0.1690333	3.637967	0.2078667	0.9322	0.08563333	0.2805667	20.13837	0.03056667	2.145367	2.513867	657.1844	229.6667	0.1243667	0.2027667	272785.4	3.119033	0.2026333	52.33333	0
7.53774	0.04216	3.093	29.74076	0.15816	0.25808	0.1177	1.89346	0.30646	0.96616	0.25856	0.13266	6.63912	0.05334	1.98488	2.07996	962.1775	181.2	0.24374	0.11484	6026558	2.46232	0.202	2.4	1
6.98458	0.07034	7.28512	38.33108	0.21384	0.38724	0.19554	3.84634	0.18146	0.93156	0.16612	0.30846	14.2689	0.05464	2.43216	2.59474	332.62594	202.6	0.16378	0.22848	98127.32126	3.14482	0.17702	24	0
6.993125	0.069975	5.94335	40.46798	0.210525	0.3695	0.1801	3.0653	0.202775	0.934875	0.2134	0.279275	11.16985	0.065525	2.272525	2.4959	295.7163	204.75	0.20485	0.20965	201306.2	3.1551	0.181125	19.75	1
7.0418	0.04452	2.39126	17.89236	0.15524	0.23336	0.1072	1.529	0.3491	0.96126	0.26518	0.10652	5.23556	0.05544	1.45374	1.8654	1300.821	159.6	0.27128	0.09476	6256880	1.98572	0.23914	0	0
6.774267	0.0689	6.308333	25.29573	0.2037333	0.3801667	0.1900333	2.9309	0.2263333	0.9028333	0.1551333	0.2995667	12.4978	0.05493333	1.667733	2.351033	306.057	195	0.1892	0.2202667	100874.9	2.949467	0.2056	31.66667	1
6.64658	0.06906	3.11642	24.33102	0.21892	0.26996	0.11642	2.13422	0.30292	0.95462	0.28762	0.13118	5.70238	0.06744	1.48984	1.99872	736.1602	177.8	0.2934	0.11418	1688239	2.36494	0.22366	3.2	0
7.30014	0.04954	3.30666	34.54592	0.17106	0.23134	0.10364	2.21914	0.42398	0.98166	0.27182	0.0889	6.5508	0.05	2.46078	1.8095	2438.744	195.8	0.2203	0.08072	18235800	2.69414	0.17812	1	1
7.5029	0.04836667	3.252667	41.67397	0.1677	0.2502	0.1165	2.112833	0.2037667	0.9627	0.2132	0.1665667	10.02803	0.05036667	2.265433	2.4484	904.262	192.6667	0.2631333	0.1375667	1827302	2.7631	0.1991333	9.333333	0
7.13892	0.061	3.14028	61.03144	0.20002	0.26552	0.12306	2.31402	0.25948	0.96008	0.30434	0.1722	8.05104	0.07508	2.28124	2.24922	576.3361	207.4	0.31784	0.1414	1935885	2.81694	0.2106	9.6	1
7.31375	0.0744	10.68548	67.99995	0.2237	0.37015	0.178175	6.096975	0.1954	0.941625	0.08395	0.27215	20.1617	0.02895	2.5539	2.600425	675.2918	234.25	0.099775	0.21575	271477.5	4.397	0.1656	46.75	1
6.926175	0.082025	7.210725	46.42027	0.244775	0.3607	0.168675	4.57225	0.2132	0.935925	0.139925	0.257775	13.962	0.04605	2.1737	2.464725	437.6425	203.5	0.167175	0.20505	211524.6	3.622375	0.17875	32.75	1
7.30726	0.06366	5.29146	58.9543	0.20294	0.30004	0.14346	3.25764	0.16526	0.97004	0.21424	0.2256	15.13414	0.0608	3.83734	2.7779	633.57888	230	0.25132	0.17378	554783.8338	4.09194	0.1541	17.2	0
7.3159	0.04358	3.20176	20.82264	0.15164	0.2429	0.11352	1.74768	0.21096	0.96424	0.23774	0.16582	9.5283	0.04978	2.35722	2.42076	732.6766	184.6	0.2592	0.1373	1409349	2.77992	0.18834	12	1
7.306567	0.06133333	5.2007	54.63963	0.1968333	0.3004667	0.141	3.2231	0.2196667	0.9743	0.1947	0.1756333	12.06583	0.04936667	3.472333	2.4818	855.6814	201.6667	0.1956333	0.146	1480328	3.2931	0.1634667	5.333333	1
6.82966	0.08132	5.00236	64.92924	0.24246	0.34314	0.16148	3.25286	0.28172	0.89632	0.15356	0.2474	10.98224	0.05312	1.25534	2.08658	441.20288	195.2	0.2153	0.18952	528527.212	2.59756	0.23654	34.6	0
7.47736	0.06108	5.74082	65.91774	0.2052	0.30376	0.14484	3.61606	0.16702	0.96656	0.1576	0.21714	15.93278	0.04374	3.32194	2.72828	758.2546	222.8	0.18512	0.17	798343.8161	3.48936	0.16532	15.8	0
6.75902	0.08392	4.44844	55.09814	0.23866	0.34752	0.1617	2.96344	0.25608	0.91608	0.273	0.24394	7.96406	0.08336	1.60336	2.20632	291.99346	220.2	0.26106	0.19468	376837.4256	3.06664	0.22084	17.2	0
7.16584	0.05624	3.52296	33.73734	0.19322	0.24908	0.11294	2.69386	0.38936	0.97844	0.26938	0.10136	6.64336	0.05502	2.45994	1.91888	1928.371	210.2	0.24308	0.0908	11229010	3.05424	0.18326	0.2	1
7.23506	0.04456	3.15352	20.49402	0.16244	0.21222	0.0965	2.10486	0.26248	0.97536	0.25664	0.12126	8.5896	0.04642	2.51592	2.27234	1280.944	192.6	0.23716	0.10496	4373939	3.11502	0.18136	7.6	1
7.4814	0.05744	4.17712	101.3866	0.1908	0.3048	0.14648	2.33146	0.2161	0.93838	0.2096	0.2359	11.08472	0.06108	2.11692	2.43068	450.328	220.4	0.25706	0.18	1019779	2.84478	0.20196	22.2	1
7.2521	0.03646667	2.6277	13.28073	0.147	0.2300333	0.1124333	1.557067	0.2363	0.9553	0.2549333	0.1646333	8.0557	0.05143333	1.8879	2.283933	650.7964	179.3333	0.2953	0.1357333	1257084	2.602933	0.2162	9.333333	1
7.22164	0.0415	2.30982	27.1159	0.1517	0.22484	0.10212	1.36124	0.47204	0.96408	0.31158	0.08582	4.25544	0.056	1.2342	1.57398	2368.008	175.2	0.27896	0.07754	21996400	2.01462	0.22766	0.6	0
6.82124	0.09062	6.23762	59.52678	0.25636	0.3321	0.15154	4.33396	0.2148	0.94934	0.1721	0.21802	12.59202	0.05562	2.23724	2.46412	585.65898	217.2	0.2168	0.17318	515529.5924	3.85594	0.1726	27	0
7.25618	0.0401	3.5993	14.60338	0.14828	0.23198	0.10608	1.9829	0.23298	0.97192	0.2419	0.14766	10.20672	0.04224	2.90886	2.36764	1011.007	183.2	0.18678	0.12478	2224721	3.04498	0.17798	9.4	1
7.63925	0.044175	3.46175	39.30777	0.162575	0.240975	0.113875	2.09085	0.207325	0.9648	0.223775	0.170525	10.68367	0.048675	2.543375	2.475825	859.4388	202	0.257075	0.13995	2345957	3.11845	0.181125	14.5	1
7.20626	0.07334	5.43496	88.6936	0.2269	0.31512	0.14556	3.85788	0.34864	0.97654	0.2552	0.14732	9.02468	0.06422	3.32098	2.09292	1065.624	207.2	0.2224	0.12568	5229291	3.83164	0.16272	3.4	1
7.32434	0.04994	5.36388	22.16078	0.17744	0.27796	0.13032	3.0241	0.16258	0.9747	0.19486	0.19804	15.14244	0.04458	4.01212	2.78814	859.97274	224.2	0.2026	0.15894	563822.2629	4.1193	0.15454	13.4	0
7.763867	0.0343	3.371267	23.8934	0.1305	0.2540333	0.1217667	1.6729	0.2247333	0.9644	0.2561	0.1749	9.0481	0.0518	2.492667	2.380633	667.2837	193.3333	0.2483667	0.1435	2430373	2.781233	0.1865667	8	1
7.65786	0.0433	3.51372	43.76778	0.1563	0.26648	0.12624	1.98396	0.22682	0.96054	0.23392	0.1755	8.79642	0.05138	2.2636	2.35312	623.8188	206	0.23406	0.1443	2419788	2.60202	0.197	3.8	0
7.2412	0.06896667	5.5286	74.25713	0.2136	0.3699667	0.1775	3.081867	0.2521667	0.9056	0.1767	0.2665333	10.35023	0.06003333	1.553767	2.229333	388.3773	191	0.2203667	0.2090333	382270.1	3.009133	0.2135667	27.66667	1
7.29724	0.04038	3.92936	16.81554	0.14616	0.27808	0.13208	1.99074	0.34774	0.97462	0.21128	0.12278	7.59962	0.04602	2.59856	2.02616	1307.607	170.8	0.1951	0.108	4992061	2.6426	0.18398	0.2	1
7.47665	0.03375	4.5058	13.468	0.1213	0.29505	0.1446	2.0157	0.20775	0.9672	0.1855	0.1879	10.80145	0.04245	2.9874	2.5054	744.64255	195.5	0.18225	0.15335	884588.259	2.9841	0.18325	2	0
7.21132	0.07222	4.42742	115.37628	0.2261	0.3071	0.14674	3.206	0.18674	0.96026	0.2339	0.23002	12.40662	0.06458	2.93334	2.5934	483.3687	207	0.2442	0.17676	740109.2897	3.11744	0.17428	16.8	1
7.46766	0.05856	4.00088	91.75762	0.19798	0.2778	0.13022	2.79746	0.31254	0.9739	0.27864	0.15066	8.32614	0.06192	2.93156	2.17228	896.8158	211.4	0.24328	0.12748	5723224	3.22562	0.17566	1.4	0
7.35888	0.0486	3.1332	30.2826	0.17288	0.25	0.11646	2.19578	0.21058	0.95612	0.23752	0.17892	9.36364	0.05066	2.07438	2.38684	692.4423	171.2	0.23914	0.14538	1449133	2.56564	0.19998	13.6	1
7.087525	0.034575	3.136875	10.27148	0.13165	0.20435	0.098975	1.948925	0.3106	0.9824	0.2323	0.112075	9.23795	0.0335	3.215325	2.174175	1358.111	189.75	0.16925	0.09885	5639091	3.01175	0.1724	5	0
7.0826	0.0482	3.8385	17.75	0.1726	0.29	0.1392	2.3749	0.2312	0.9577	0.2634	0.193	8.5088	0.059	2.334	2.345	489.9274	184	0.2026	0.157	860196.7554	2.559	0.1897	6	1
7.58054	0.05354	4.46738	63.91796	0.1875	0.28684	0.1375	2.71506	0.19948	0.9657	0.22484	0.19718	11.23012	0.05726	3.05592	2.55216	632.5585	222	0.25656	0.15814	1483041	3.41526	0.1749	9	0
6.64296	0.09432	4.76636	67.14456	0.2611	0.32768	0.14908	3.31724	0.23504	0.9581	0.2205	0.17406	8.25664	0.0625	2.1203	2.30802	612.1234	192.8	0.21696	0.14502	1154212	2.83574	0.1892	12.4	0
6.90654	0.07844	3.87502	116.0933	0.23736	0.3451	0.16508	2.52948	0.27608	0.95266	0.28338	0.20186	7.85752	0.08784	2.2061	2.20488	561.7552	193.6	0.29912	0.16316	1897993	2.39608	0.20056	9	0
7.26074	0.06456	6.02542	57.35316	0.20256	0.31006	0.14988	3.41186	0.177	0.95992	0.1655	0.24394	16.68998	0.05144	3.09952	2.71794	637.91718	236.6	0.23454	0.18392	428145.9049	3.91066	0.16362	29	1
7.1461	0.0691	3.37726	114.308	0.21564	0.2843	0.12954	2.50712	0.25884	0.95946	0.29202	0.17088	7.72646	0.07354	2.13184	2.22514	643.0507	204.8	0.28756	0.14112	2979875	2.5498	0.20028	7.4	0
7.28724	0.0642	4.20554	84.13824	0.20908	0.31616	0.14804	2.7321	0.39974	0.96884	0.25392	0.13144	6.07042	0.06128	2.15806	1.86176	1130.242	194.4	0.21694	0.11608	8143536	2.5564	0.18406	0	0
7.4931	0.05902	5.34078	88.67884	0.19408	0.33168	0.16394	3.00036	0.20904	0.9318	0.13992	0.27184	15.05442	0.0468	2.17204	2.50066	477.96812	221	0.19956	0.199	516970.5084	3.00882	0.20548	35	0
6.70556	0.07746	3.3878	52.58542	0.22636	0.3327	0.15566	2.38936	0.31402	0.86394	0.2233	0.24416	8.07128	0.07456	0.9538	1.9426	347.35204	169.6	0.27932	0.18746	567552.5642	2.0032	0.27036	26.8	0
7.52688	0.03762	3.78006	18.65306	0.1429	0.24914	0.11722	2.08816	0.23366	0.97232	0.26396	0.16328	10.00834	0.04918	3.08418	2.39182	754.9498	198.8	0.21448	0.13642	1894390	3.2427	0.17326	6.2	1
6.8563	0.07942	6.62096	45.64862	0.23876	0.36798	0.17858	3.93252	0.19036	0.94008	0.16858	0.2559	11.95648	0.0526	2.30298	2.5342	398.815	203	0.16614	0.2004	213951.7806	3.09332	0.18876	13.8	0
7.3694	0.050775	4.568625	59.41783	0.172775	0.2753	0.129625	2.396825	0.212925	0.951025	0.1814	0.20035	13.20555	0.045775	2.140025	2.458775	819.7055	223.5	0.230625	0.158	3697158	2.926625	0.197075	20.75	1
7.35434	0.06624	7.78804	59.9773	0.20548	0.36856	0.17994	4.05946	0.2195	0.91886	0.10662	0.29214	15.859	0.03684	1.96028	2.43264	457.9429	228.2	0.13552	0.22368	214223.5699	3.6731	0.196	41.2	1
7.8061	0.0379	3.883725	27.1636	0.142125	0.235775	0.111025	2.23585	0.2138	0.978875	0.236025	0.15395	12.04397	0.048225	3.6715	2.547825	1231.679	220.5	0.26335	0.128875	3305710	4.0737	0.159125	8.25	1
7.3233	0.0617	5.366	43.755	0.19655	0.28415	0.1368	3.5175	0.1604	0.9743	0.17465	0.2236	18.5251	0.0514	4.4113	2.87065	838.1641	234	0.23895	0.17245	426749.8985	4.5556	0.15535	25.5	1
7.6152	0.061525	7.493175	113.8845	0.198175	0.438075	0.230225	3.24155	0.1657	0.941225	0.1797	0.345375	14.68375	0.0667	3.3026	2.7371	309.336	244.75	0.1794	0.257	130696.1	3.302225	0.166525	10.75	1
7.0834	0.04283333	3.734367	13.41247	0.1623333	0.2632333	0.1276	2.279867	0.2011	0.9654667	0.2321	0.1881667	10.4159	0.05036667	2.7715	2.5088	556.0454	219.6667	0.2295333	0.1519	596142.1	3.106233	0.1800333	9	0
7.01185	0.0372	4.123825	8.9395	0.13825	0.26995	0.12655	2.109925	0.232775	0.968325	0.2511	0.176575	9.576575	0.046775	2.894675	2.4062	652.3401	193	0.221525	0.1452	929434.7	3.235475	0.1762	9	1
7.0914	0.07612	3.92738	156.0621	0.23568	0.28464	0.1334	3.1883	0.19926	0.95288	0.20968	0.20712	12.23784	0.05934	2.22602	2.473	624.3379	193	0.24314	0.16282	1295073	2.66204	0.18872	22.4	1
7.39208	0.03016	1.9502	11.77842	0.1204	0.20414	0.09844	1.0154	0.3637	0.95646	0.35672	0.11772	4.97182	0.0605	1.44164	1.82822	987.5652	165.2	0.32042	0.10308	5714238	2.09864	0.2398	1.8	1
7.092	0.0753	8.9932	40.5242	0.2381	0.3981	0.2016	4.9835	0.1735	0.9364	0.1303	0.3127	16.6373	0.0447	2.7231	2.6957	385.9719	251	0.135	0.2405	65502.6989	3.9891	0.1736	26	0
7.375267	0.04476667	5.027433	20.18333	0.1580667	0.2911333	0.1388667	2.227067	0.1813	0.9674667	0.2060333	0.2067	12.66597	0.051	3.254533	2.644233	663.0714	215.6667	0.2503333	0.1632667	559858.6	3.851167	0.1642667	12	0
7.717625	0.0338	3.5601	20.3912	0.126175	0.2479	0.118975	1.74365	0.22835	0.972275	0.249325	0.16535	10.0306	0.047825	3.0322	2.42495	750.072	197.75	0.23315	0.13725	2028281	3.2037	0.174125	6	1
7.2742	0.05798	3.97396	48.39464	0.19538	0.28068	0.12724	2.4547	0.29132	0.96906	0.26802	0.14942	7.68306	0.0601	2.44768	2.17996	852.9655	211.8	0.24224	0.1272	3460578	2.93726	0.1841	4.2	1
6.9261	0.06533333	5.304467	31.87667	0.2027	0.3752333	0.1845	2.745933	0.2353667	0.9287333	0.2365667	0.2519	8.407	0.07026667	1.9976	2.3075	291.9092	194	0.2017	0.2035667	238353.3	2.815133	0.2056667	7.666667	0
7.236125	0.03755	2.790925	12.80835	0.146975	0.253625	0.1179	1.474325	0.3518	0.96375	0.28905	0.1261	5.7188	0.058125	1.776925	1.9278	883.2888	173.25	0.281175	0.110025	5118374	2.456725	0.208975	0.5	0
7.27098	0.064	3.45178	109.936	0.20456	0.31138	0.1495	2.23122	0.22954	0.93386	0.25872	0.23754	9.01688	0.07712	1.85196	2.33262	351.8049	216.2	0.30924	0.18072	1018029	2.46926	0.21714	16.8	0
7.31714	0.04736	2.89518	30.06786	0.16692	0.25528	0.11822	1.6595	0.26	0.9603	0.27692	0.15388	7.30912	0.06158	1.9583	2.20246	702.5034	172.8	0.30732	0.12968	2570309	2.56916	0.20522	7.4	1
6.70468	0.0809	5.1009	43.33298	0.23972	0.35172	0.16906	3.42888	0.2487	0.8943	0.1479	0.26842	11.99752	0.0522	1.32086	2.20174	407.44088	171.2	0.1985	0.19928	222069.7807	2.5495	0.22692	35	0
7.28345	0.051375	6.0352	22.86573	0.177725	0.318475	0.153625	3.145	0.1904	0.942	0.159225	0.2533	14.29973	0.044125	2.312	2.569025	523.296	210.5	0.1842	0.1946	260076.3	3.655525	0.17605	28.5	1
7.63332	0.04172	4.2014	27.68204	0.15412	0.25302	0.11946	2.64784	0.35332	0.98232	0.20148	0.1099	8.47512	0.04046	3.16294	2.0687	1963.287	204.8	0.1734	0.09764	12343570	3.17158	0.16264	0	0
7.6035	0.039025	3.4896	25.71625	0.147875	0.246225	0.116425	1.907425	0.204325	0.9695	0.232025	0.16805	10.51507	0.049825	2.7909	2.50345	865.0091	195.5	0.2653	0.138525	1936027	3.20385	0.177875	10.5	1
6.5746	0.09376	6.3271	51.23358	0.26538	0.33298	0.14678	4.21872	0.26688	0.94734	0.12006	0.1849	12.46846	0.04178	1.83652	2.18954	958.85196	184.4	0.1787	0.15326	630342.2343	3.12586	0.19672	35.2	0
7.17946	0.05982	3.3957	59.65856	0.19454	0.2664	0.12232	2.0704	0.2564	0.94586	0.25516	0.19162	9.734	0.067	1.80756	2.26984	701.0711	216	0.31688	0.15206	1915113	2.66832	0.2102	22.4	1
7.4778	0.04445	3.125225	29.49155	0.164275	0.22995	0.108525	2.162	0.2364	0.97135	0.232825	0.14435	9.1022	0.043875	2.53425	2.32755	907.3088	186.5	0.213675	0.12265	3468757	2.6316	0.18675	4.75	1
6.99685	0.0668	6.3619	30.477725	0.205325	0.392425	0.197475	3.38685	0.1866	0.92725	0.2034	0.311075	11.97785	0.06545	2.300275	2.54465	267.513475	194	0.178825	0.22965	97359.58695	3.08135	0.177425	19.5	1
7.4939	0.042525	3.676275	28.61058	0.162425	0.261875	0.12125	1.9494	0.2472	0.965025	0.217875	0.1535	8.8801	0.046325	2.26795	2.302025	1029.248	197.5	0.211875	0.1293	3281208	2.554325	0.195175	6.5	0
7.62546	0.04256	3.2518	33.64182	0.15836	0.2174	0.10152	2.19122	0.18864	0.97116	0.22638	0.15638	11.51226	0.04468	2.7275	2.56162	1146.395	199	0.26242	0.12988	2948040	3.22126	0.17426	14.8	1
6.82518	0.08226	7.37334	39.11928	0.246	0.36916	0.17954	4.6097	0.20414	0.93032	0.13982	0.27978	14.65538	0.0491	2.21752	2.49546	408.61716	218.4	0.17256	0.21188	156396.3032	3.58978	0.1808	33	0
7.25486	0.04492	4.03528	20.37326	0.15182	0.27996	0.13014	1.88796	0.32024	0.97138	0.23342	0.1309	7.06366	0.0497	2.34196	2.09554	931.3949	199.6	0.22826	0.11456	3583170	2.83812	0.18374	0	0
7.17574	0.06442	4.77158	53.14842	0.21234	0.3083	0.1424	2.72148	0.27224	0.97054	0.21788	0.1564	8.49694	0.05626	2.7675	2.28376	844.9023	234.8	0.24014	0.13324	2360239	3.09306	0.1833	3.8	0
6.50534	0.10788	5.78638	81.2702	0.29864	0.36278	0.16572	4.43418	0.29794	0.94938	0.32446	0.21202	9.329	0.1156	2.239	2.2209	504.35984	218	0.39474	0.17366	700349.4337	4.8157	0.18882	23	0
7.720725	0.042825	4.9387	34.70898	0.1573	0.259725	0.123725	2.697275	0.1988	0.97875	0.1918	0.16325	13.32382	0.04075	4.06665	2.6069	1196.201	217.75	0.192475	0.135825	2487507	3.878425	0.154875	5.75	1
6.75904	0.08062	3.86986	71.3203	0.23838	0.3223	0.14852	2.69638	0.26634	0.911	0.2008	0.20904	8.6831	0.06036	1.39882	2.1145	505.43188	192.4	0.22072	0.16596	823975.4268	2.11922	0.24316	16.6	1
7.51415	0.0358	3.4311	18.72005	0.141975	0.2515	0.117825	1.86215	0.3418	0.972625	0.26185	0.12405	6.828975	0.049425	2.289475	2.03015	1123.282	189.5	0.22775	0.1085	6196343	2.894375	0.18525	0.75	0
7.4828	0.0576	4.7384	69.9632	0.1892	0.314775	0.152525	2.707525	0.1903	0.9473	0.198675	0.247525	12.96102	0.058475	2.428625	2.559925	472.5349	222.25	0.248025	0.186725	549099	3.139925	0.18345	22.75	1
7.152033	0.0763	5.7751	66.36803	0.2438333	0.3253667	0.1573	4.324033	0.1701333	0.9587	0.171	0.2539	16.4208	0.0537	3.145433	2.693767	536.7003	211.3333	0.2234	0.1916	287174.2	3.711467	0.1621667	25	1
6.89386	0.05454	3.10902	33.40312	0.19112	0.24022	0.10348	2.1369	0.65018	0.95726	0.3895	0.05664	4.2035	0.07024	1.63936	1.1602	6577.796	193.6	0.30404	0.05266	56576080	2.81302	0.23938	1	1
7.64024	0.04216	5.15344	24.74464	0.15586	0.26498	0.1277	2.74886	0.15498	0.97044	0.15218	0.20126	17.07614	0.03606	3.4548	2.78318	1038.3608	214.8	0.18244	0.15948	667700.4823	3.9196	0.15808	18.8	0
6.61872	0.08146	4.7539	36.80926	0.23728	0.34504	0.16372	3.10734	0.2699	0.89676	0.18566	0.25546	10.3891	0.06602	1.30968	2.1344	349.9982	182.8	0.25846	0.19408	228279.3094	2.76318	0.22586	30.8	1
7.35644	0.06644	5.71304	100.94724	0.2121	0.31744	0.1553	3.5033	0.1942	0.93896	0.11334	0.26074	18.1852	0.0381	2.25468	2.56182	613.48918	240.6	0.16638	0.19264	452636.8196	3.03614	0.19494	42.2	1
7.2269	0.04953333	4.505133	22.73157	0.1729667	0.2377667	0.1111667	3.377967	0.1938333	0.9752	0.1751333	0.1676333	15.7551	0.03293333	3.4229	2.544267	1249.932	200.3333	0.1339333	0.1384667	920688.6	2.797967	0.1803667	13.66667	0
7.9371	0.0436	6.1251	60.8524	0.152	0.3281	0.1577	2.7797	0.1559	0.9593	0.1658	0.2547	15.8375	0.0452	3.2746	2.7903	598.2953	228	0.187	0.1966	292766.086	3.7446	0.1607	19	0
6.2721	0.08412	2.66282	29.8592	0.23564	0.31244	0.13816	2.04246	0.32034	0.90034	0.31948	0.17428	4.74814	0.0853	0.9227	1.8231	363.56818	164.4	0.27412	0.14574	652923.8046	1.6514	0.28108	7	0
7.3911	0.055	3.5371	64.9949	0.182	0.2675	0.126	2.2326	0.1946	0.958	0.2356	0.1982	11.0962	0.062	2.3733	2.5142	665.3704	201	0.2828	0.1567	1354207.566	2.9154	0.1836	18	0
6.9853	0.0698	4.6309	57.4228	0.2188	0.3523	0.1653	2.9533	0.2502	0.9378	0.2608	0.2184	7.2568	0.0699	1.8612	2.2268	346.3164	209	0.1877	0.18	740413.5711	2.7408	0.2061	7	1
7.5466	0.0605	8.2328	52.2097	0.2089	0.3603	0.1776	4.0005	0.1619	0.9606	0.1298	0.2879	20.2684	0.0462	3.8179	2.843	611.2407	255	0.1955	0.2113	164583.1147	4.5921	0.1497	35	1
7.2456	0.0698	9.0656	53.4308	0.2181	0.4152	0.2095	5.5341	0.21	0.9036	0.1065	0.3339	15.5704	0.0379	1.9628	2.4891	331.2134	231	0.1057	0.2582	76602.0091	3.6284	0.1968	37	1
7.3655	0.058	3.0891	93.4584	0.1974	0.252	0.1163	2.2471	0.2071	0.9642	0.2837	0.1784	9.9985	0.0684	2.5018	2.4604	746.4204	191	0.2965	0.1448	2354636.665	2.6934	0.1873	16	0
7.275	0.0677	10.9853	47.4793	0.1942	0.4237	0.22	5.8429	0.1615	0.9332	0.106	0.356	19.3286	0.0364	3.0846	2.8099	381.2205	254	0.0932	0.2738	60536.9101	4.1991	0.1587	35	0
6.5413	0.0821	6.2634	24.8614	0.2338	0.3635	0.1749	3.9773	0.2217	0.9102	0.1373	0.2795	13.2309	0.0504	1.6787	2.3491	355.5038	207	0.1976	0.2174	119365.6139	3.5112	0.2019	34	1
7.9258	0.0259	2.6033	16.7307	0.1086	0.2425	0.12	1.2275	0.2447	0.9322	0.2536	0.1933	7.7887	0.0523	1.4351	2.2062	504.0721	180	0.2866	0.1538	1601102.074	2.2961	0.2355	15	1
6.8537	0.0751	3.8487	40.6081	0.2314	0.3039	0.1364	2.9434	0.226	0.9337	0.2618	0.2167	9.0395	0.0734	1.6804	2.312	491.9031	181	0.2749	0.1714	591517.0499	2.849	0.1988	20	1
7.4085	0.0446	3.3268	22.3984	0.1701	0.2577	0.1223	2.0052	0.253	0.9667	0.2696	0.1624	8.1299	0.0584	2.4612	2.2986	702.5625	216	0.2709	0.1356	2040695.906	2.883	0.1948	3	0
7.1337	0.0693	6.8267	36.7547	0.2282	0.3233	0.1573	4.8147	0.1587	0.9594	0.1237	0.2555	20.731	0.0385	3.1903	2.7762	670.9127	200	0.1582	0.1899	134209.7057	3.6256	0.1646	27	0
6.8111	0.0912	6.0517	64.5989	0.2643	0.3318	0.1513	4.0925	0.2341	0.9678	0.2241	0.1713	9.1147	0.0615	2.7414	2.393	593.3781	242	0.1952	0.1458	933889.8418	3.8499	0.1608	11	0
6.8579	0.0799	6.812	43.1593	0.2424	0.3835	0.1862	3.5217	0.2333	0.9033	0.1412	0.2901	12.6452	0.0527	1.6353	2.3115	365.415	228	0.1953	0.2252	179239.0722	3.3196	0.2032	34	1
7.0635	0.0833	5.8855	70.4917	0.2569	0.3567	0.1692	4.0628	0.2408	0.9072	0.144	0.2681	11.8017	0.0481	1.5336	2.2732	388.7987	208	0.1794	0.2071	205226.5721	3.0331	0.2098	33	0
6.4736	0.0638	2.9464	21.3821	0.1965	0.2914	0.1227	1.8287	0.5455	0.9556	0.3521	0.0881	3.3805	0.0756	1.0198	1.3662	1269.6969	174	0.2383	0.0821	6138980.699	2.1278	0.2256	3	1
7.5746	0.0666	10.6467	88.6271	0.2135	0.3829	0.1906	5.4225	0.1892	0.9312	0.0702	0.3069	21.6577	0.0245	2.4199	2.6217	609.7058	237	0.081	0.2301	151972.8075	3.8428	0.176	51	1
7.3327	0.0718	4.7309	123.8023	0.2112	0.3207	0.146	2.7382	0.2339	0.941	0.1947	0.2165	10.7818	0.0623	1.8972	2.3705	588.6406	240	0.2545	0.173	1167863.473	3.215	0.2035	25	1
7.3106	0.0613	4.401	59.7869	0.2025	0.3154	0.1472	2.6283	0.2439	0.9619	0.2544	0.1892	8.4887	0.067	2.5397	2.3361	550.2926	249	0.2571	0.1551	1538072.494	3.0113	0.1877	4	0
7.142	0.0837	7.3412	53.9736	0.2507	0.3511	0.1645	5.7446	0.2073	0.9413	0.1531	0.2599	14.2909	0.0523	2.3751	2.5186	465.9847	249	0.1877	0.2068	232066.0822	4.9419	0.1697	32	0
7.2262	0.0737	5.1413	82.062	0.2245	0.3585	0.1712	3.1765	0.2481	0.8995	0.1818	0.2738	10.1349	0.0585	1.463	2.2515	345.8698	232	0.2039	0.2122	392808.9632	2.9209	0.2201	26	0
7.7666	0.0547	5.9442	82.6376	0.1894	0.3079	0.1425	3.3712	0.1961	0.9733	0.1847	0.1859	12.1425	0.0434	3.5725	2.6005	815.3988	235	0.1724	0.1535	2285361.165	3.6951	0.1559	6	0
7.3537	0.0719	6.2809	88.8089	0.2224	0.3505	0.167	3.7455	0.223	0.9241	0.149	0.2622	12.7979	0.0481	1.8301	2.3983	453.1397	240	0.171	0.204	326156.2866	3.434	0.1937	32	0
6.9907	0.0675	6.9035	36.9488	0.1995	0.3764	0.1859	3.7082	0.2279	0.9002	0.1298	0.2978	13.8998	0.0459	1.6234	2.359	407.3963	202	0.1292	0.2268	177640.4278	2.7769	0.2017	37	0
6.728	0.0862	4.2718	69.8395	0.2419	0.3294	0.1498	3.1134	0.2114	0.9363	0.2391	0.2209	9.1945	0.0694	1.7899	2.3516	418.536	219	0.2125	0.1761	459880.542	2.6757	0.2003	16	0
6.9317	0.0746	5.4318	45.4885	0.2301	0.3575	0.1635	2.8793	0.2949	0.9325	0.2493	0.2283	9.1099	0.0808	1.8077	2.1906	397.7629	227	0.2964	0.1886	538098.8787	3.9478	0.1876	24	0
7.2245	0.0406	3.5622	14.1264	0.1546	0.2577	0.1169	1.848	0.412	0.9776	0.2495	0.102	6.2409	0.0455	2.3054	1.8518	1569.9386	186	0.2119	0.0918	8604476.652	2.8778	0.1794	0	0
7.5083	0.0387	3.1553	29.3588	0.144	0.236	0.1104	1.5463	0.2954	0.9741	0.2437	0.128	7.7076	0.0439	2.4841	2.168	1097.46	192	0.2207	0.1109	8133540	2.6357	0.1838	4	0
7.0741	0.0823	5.844	62.1656	0.2391	0.334	0.1558	4.2194	0.2233	0.9376	0.1669	0.2449	12.4349	0.0538	2.0303	2.4345	434.3075	249	0.2	0.1892	411935.1457	3.9401	0.1907	29	1
6.924	0.086	6.7814	54.1033	0.2403	0.3407	0.1562	4.5301	0.2223	0.9551	0.1511	0.2319	14.7276	0.0527	2.7015	2.4595	592.2002	191	0.2266	0.1855	491422.256	4.1462	0.1658	57	1
7.3328	0.0598	4.2293	81.8085	0.194	0.3049	0.1472	2.4682	0.2171	0.9321	0.1641	0.2412	12.3262	0.0514	1.8022	2.4084	513.0143	195	0.2265	0.1818	698527.481	2.5092	0.2103	30	0
7.2786	0.0535	3.6174	35.494	0.1888	0.3089	0.1483	2.0939	0.301	0.9534	0.2362	0.1637	6.3742	0.0589	1.7874	2.0552	666.4251	171	0.2413	0.1374	2439386.389	2.3358	0.2152	0	0
6.7169	0.0663	2.0107	40.9125	0.1898	0.2387	0.0973	1.5398	0.2994	0.9401	0.3075	0.1209	5.2051	0.07	1.0104	1.9099	926.6283	155	0.3292	0.1053	3398610.198	1.6134	0.2634	9	1
6.9431	0.0768	6.4969	34.6991	0.2496	0.3658	0.1816	4.5817	0.1901	0.9315	0.1699	0.2957	13.5221	0.0571	2.2511	2.5663	309.9014	209	0.1964	0.2151	148401.7721	3.84	0.1768	26	0
7.4423	0.0546	5.094	48.126	0.178	0.2996	0.1452	2.5649	0.1696	0.9634	0.2097	0.2361	14.7272	0.0597	3.2687	2.7108	662.8165	233	0.25	0.179	554914.4994	3.6443	0.1595	21	0
7.1825	0.0768	8.8155	63.4885	0.2355	0.4372	0.2294	5.2417	0.1674	0.9233	0.1423	0.366	15.7215	0.0526	2.7407	2.7054	265.0869	246	0.1506	0.2756	30023.4704	3.648	0.1685	25	1
6.9604	0.0787	5.6249	48.1162	0.2474	0.355	0.167	4.4618	0.2187	0.9482	0.211	0.216	8.8356	0.0608	2.2305	2.3868	393.5693	209	0.1929	0.1815	433710.9018	3.3968	0.1875	7	0
7.0661	0.0609	3.3511	80.4368	0.193	0.2788	0.1329	2.2072	0.3061	0.8747	0.1352	0.2192	11.1919	0.0415	0.8781	1.9345	575.6368	172	0.195	0.1684	1386702.198	1.7233	0.2818	40	1
7.1026	0.0681	3.6821	60.8389	0.2264	0.2622	0.1197	3.2599	0.2359	0.9398	0.1552	0.1936	12.1468	0.0424	1.615	2.3145	771.6531	198	0.1908	0.1542	957055.9195	2.3964	0.2191	33	0
7.1174	0.07	12.9437	36.9621	0.1999	0.4266	0.2228	6.1289	0.1817	0.9173	0.0637	0.358	23.4609	0.0246	2.5055	2.6565	452.2107	227	0.064	0.2745	35649.1402	3.9318	0.1683	54	0
7.0532	0.0748	4.7108	85.5494	0.2307	0.3029	0.1373	3.6889	0.2371	0.977	0.2393	0.1665	11.1157	0.0602	3.6374	2.4192	1026.4043	189	0.1982	0.1378	2035532.661	3.0942	0.163	7	0
6.8128	0.0705	4.0367	37.0076	0.216	0.3382	0.1614	2.4725	0.2818	0.8679	0.1827	0.2627	9.5144	0.0609	1.0251	2.0349	312.9712	165	0.222	0.197	240443.4019	2.1566	0.2522	30	0
7.4874	0.06	4.803	84.2863	0.2043	0.2975	0.144	3.4855	0.194	0.9418	0.1436	0.2379	14.9271	0.0417	2.071	2.5364	629.2051	230	0.1765	0.1804	613821.5463	2.9585	0.1953	32	1
7.4705	0.0496	5.333	51.3304	0.1796	0.3206	0.1514	2.24	0.4257	0.9763	0.2174	0.1208	6.7428	0.0472	2.6045	1.8482	1815.087	222	0.1914	0.1074	14315170	2.7064	0.1689	0	0
7.2696	0.0528	4.7774	28.8903	0.1728	0.3452	0.167	2.6093	0.2178	0.9495	0.2438	0.2322	9.0639	0.067	2.3941	2.4098	351.9482	240	0.2068	0.1833	467983.1956	2.9643	0.1877	8	1
6.6842	0.0784	4.588	37.7967	0.2276	0.3525	0.1628	3.1136	0.2617	0.9417	0.2609	0.212	7.0987	0.0681	1.9288	2.199	316.604	220	0.1896	0.1769	432691.332	2.6019	0.2046	4	0
7.6369	0.0623	6.8264	233.1144	0.1938	0.3018	0.1451	4.258	0.1655	0.9582	0.1014	0.2317	20.4084	0.0279	3.1374	2.7437	991.4398	255	0.108	0.2045	1232139.563	3.0684	0.1806	19	0
6.6136	0.0884	4.3912	49.8333	0.2521	0.3229	0.1493	3.042	0.21	0.9483	0.2239	0.2055	9.0509	0.0644	2.0299	2.3855	443.8388	197	0.2343	0.1645	543856.2021	2.7457	0.1942	11	0
7.1741	0.0788	7.9569	57.2724	0.2456	0.3666	0.1708	4.93	0.1808	0.9576	0.1851	0.2469	12.8205	0.0545	3.1091	2.6608	381.8198	241	0.1729	0.1988	299808.7221	4.6258	0.1511	19	0
6.8074	0.0639	2.2601	54.4765	0.2068	0.2628	0.1197	1.7847	0.2684	0.9211	0.2985	0.1716	6.2034	0.0754	1.0901	2.0151	469.9643	132	0.325	0.1406	1636934.444	1.7759	0.2507	15	1
7.0018	0.0664	4.7374	38.115	0.1959	0.3422	0.163	2.8682	0.2218	0.9206	0.2272	0.2544	9.7536	0.0714	1.7058	2.3497	356.8343	198	0.2204	0.2008	263245.4983	2.8948	0.1973	21	1
6.6642	0.0795	3.6661	42.6306	0.2233	0.3393	0.1543	2.5833	0.2608	0.9151	0.2455	0.2028	6.4794	0.0754	1.2479	2.0855	376.4819	169	0.2563	0.1674	573032.9366	2.2279	0.2455	9	0
7.5754	0.043	1.8679	62.6513	0.1538	0.2364	0.1108	1.2246	0.4121	0.9463	0.3794	0.1221	4.0421	0.0783	1.1422	1.6603	925.4732	212	0.3443	0.1065	12440480	1.8063	0.2739	0	0
6.7933	0.0548	4.0255	16.8306	0.1776	0.2684	0.126	2.5357	0.2326	0.9243	0.1494	0.2086	12.273	0.0399	1.385	2.2474	581.0097	157	0.2038	0.1631	299479.1922	2.434	0.2224	32	0
7.5287	0.0602	6.4238	55.2288	0.1939	0.3051	0.1446	3.8871	0.1648	0.976	0.1612	0.1955	14.7758	0.0415	4.1644	2.7955	875.2635	253	0.163	0.158	880035.8998	4.2712	0.1488	9	0
7.567	0.0585	3.9371	125.5217	0.1962	0.2826	0.1327	2.2553	0.2064	0.9552	0.2412	0.2133	11.0123	0.0642	2.4101	2.4916	545.8979	215	0.2937	0.1669	1713981.891	3.0855	0.18	20	0
7.3735	0.0472	6.0195	24.0706	0.1586	0.2517	0.1192	3.6831	0.1839	0.959	0.0731	0.1997	26.1367	0.021	2.4538	2.6451	1769.5712	229	0.1058	0.1581	593064.8588	3.3594	0.17	87	0
6.4331	0.0793	1.9851	42.6729	0.2407	0.2513	0.1046	1.8681	0.3344	0.939	0.35	0.1282	4.6475	0.0744	1.0522	1.7938	725.4772	161	0.2458	0.1107	3794134.929	1.3571	0.2581	10	1
7.1326	0.0723	8.0446	52.4628	0.2192	0.397	0.2002	4.2958	0.2026	0.9182	0.1259	0.3192	14.8722	0.0434	2.191	2.5509	371.3651	225	0.132	0.2468	106860.978	3.4716	0.185	32	0
6.8102	0.0654	2.3864	44.7251	0.2044	0.2467	0.1007	1.8669	0.2695	0.9456	0.2763	0.1358	6.7672	0.0709	1.2515	2.0835	989.4178	178	0.3416	0.1161	2809002.863	2.2911	0.2315	15	0
7.1399	0.0682	6.4582	42.165	0.2209	0.348	0.1639	3.8828	0.2075	0.9342	0.1628	0.2616	12.9065	0.0504	2.1385	2.4922	479.6147	218	0.181	0.2065	206428.9126	3.4578	0.1803	28	0
6.2842	0.1024	3.8876	40.335	0.2894	0.3148	0.1418	3.5899	0.239	0.9433	0.2726	0.1982	7.9448	0.0773	1.7686	2.2532	384.4115	198	0.2628	0.1591	396383.599	2.7389	0.2015	11.5	0
6.7724	0.074	3.577	56.896	0.2235	0.2817	0.1192	2.5708	0.3429	0.9262	0.1534	0.1466	9.196	0.0472	0.9966	1.832	1410.2694	192	0.2165	0.1238	2329805.347	2.1834	0.2663	34	1
7.3062	0.0462	2.8747	37.9891	0.1547	0.2438	0.1157	1.4285	0.251	0.9343	0.2096	0.1887	9.74	0.0539	1.4423	2.226	608.4798	192	0.3201	0.1512	1546943.497	2.2542	0.2238	26	0
7.2023	0.0707	5.2132	60.8955	0.2167	0.3325	0.1545	3.1963	0.2232	0.9441	0.24	0.2425	10.516	0.0749	2.2694	2.444	387.5743	252	0.2965	0.1905	634722.3531	4.0939	0.1811	21	1
7.2776	0.0661	4.8046	75.726	0.2109	0.3407	0.1602	2.9151	0.2341	0.9502	0.2748	0.2109	8.2176	0.0792	2.1868	2.3242	400.4365	206	0.2466	0.1701	927087.904	3.1618	0.1826	13	0
7.2453	0.046	7.6495	17.0485	0.161	0.4052	0.2107	2.552	0.1525	0.9443	0.1423	0.3385	18.4632	0.0499	3.3299	2.8196	388.7892	218	0.1506	0.247	34505.6388	3.2733	0.1636	18	0
7.104	0.0709	7.7569	34.5359	0.2398	0.3398	0.1656	5.4569	0.186	0.9375	0.0918	0.2721	18.8996	0.0291	2.2274	2.5861	525.2993	203	0.1113	0.1997	160263.7741	3.482	0.1793	44	1
7.4411	0.0605	6.7134	53.3787	0.1703	0.3774	0.1839	2.9156	0.2231	0.9246	0.1866	0.2865	10.9406	0.0573	2.174	2.4355	318.9314	233	0.1889	0.2377	276240.3175	3.9551	0.1933	22	0
7.4517	0.058	4.007	63.3281	0.1969	0.272	0.1237	2.7831	0.3232	0.9751	0.2867	0.1434	7.8457	0.0591	2.9094	2.1186	742.9501	202	0.236	0.1233	5958280.424	3.454	0.1793	1	0
7.3158	0.0436	1.936	53.4	0.1577	0.2414	0.1079	1.0264	0.3803	0.9449	0.3508	0.112	4.0883	0.0772	1.0217	1.7104	1395.175	167	0.3726	0.0989	13942620	1.6048	0.2582	2	0
7.0557	0.0677	7.8682	33.1959	0.2002	0.3853	0.1883	3.3862	0.2229	0.9252	0.1242	0.283	13.8242	0.0446	2.089	2.4117	411.4312	219	0.1784	0.2257	124435.9531	3.8542	0.1866	34	1
6.5973	0.0871	2.9012	72.187	0.2406	0.2762	0.1128	2.2775	0.298	0.9548	0.2886	0.1253	6.659	0.079	1.388	2.0553	1391.7751	190	0.3088	0.1087	4060486.42	2.4973	0.226	17	0
6.7902	0.0841	3.2443	97.0433	0.2445	0.328	0.148	2.2147	0.288	0.9055	0.2876	0.2289	7.3717	0.0904	1.2503	2.0778	403.3813	194	0.3278	0.1792	993533.5061	2.2606	0.2435	20	0
7.5435	0.066	14.3552	79.7175	0.2052	0.4134	0.2103	6.7171	0.1552	0.9408	0.0617	0.3335	25.8153	0.0221	3.2634	2.8448	652.9063	241	0.065	0.2643	108190.8716	4.3422	0.1514	49	1
7.6798	0.045	4.3749	33.9057	0.1648	0.2863	0.1359	2.7192	0.2415	0.9708	0.2463	0.1791	9.4679	0.0552	3.1146	2.4083	558.2219	210	0.2433	0.1475	2201194.066	3.6439	0.1738	1	0
7.28	0.0478	2.4483	66.3808	0.1676	0.2663	0.1192	1.2645	0.5098	0.9469	0.3994	0.1114	3.4856	0.0801	1.0611	1.4366	926.7064	190	0.2923	0.0992	21888460	1.6971	0.2553	0	0
7.6533	0.0402	3.9987	23.007	0.1617	0.2394	0.1191	2.2947	0.1738	0.9616	0.1529	0.1999	15.4551	0.0361	2.6247	2.6533	875.6741	198	0.2343	0.1585	909811.6189	3.7187	0.1754	28	1
7.2151	0.0838	7.1517	72.1684	0.2503	0.3699	0.1764	4.5302	0.2211	0.9378	0.1823	0.2766	12.305	0.0599	2.4175	2.4865	334.0028	254	0.212	0.2188	221428.899	4.6254	0.1795	26	0
7.0362	0.0591	3.0173	31.2159	0.1919	0.2208	0.0958	2.1732	0.2188	0.9584	0.1991	0.1404	10.1217	0.0475	1.6886	2.3501	1355.4584	169	0.2488	0.1192	1865847.595	2.6815	0.2002	21	0
8.0808	0.0423	3.3977	124.9499	0.1533	0.2553	0.1213	1.966	0.2225	0.97	0.2815	0.1801	9.8947	0.0604	3.0376	2.459	700.9299	229	0.2839	0.1474	4209347.25	3.1543	0.1823	7	0
7.3611	0.0544	6.7519	32.62	0.1815	0.3414	0.1681	3.3784	0.1698	0.9494	0.138	0.2734	18.7412	0.0465	2.772	2.6894	622.1428	220	0.1909	0.1996	156031.715	3.5283	0.1653	31	0
6.7133	0.0877	6.5589	46.2068	0.2629	0.3742	0.1824	4.9043	0.258	0.8777	0.0961	0.2919	15.0043	0.036	1.2589	2.1806	388.4426	186	0.1231	0.2169	142142.7875	2.5331	0.2405	47	1
7.4953	0.0636	9.6629	69.1599	0.2008	0.3744	0.1818	4.6879	0.2035	0.9254	0.0732	0.2858	19.1459	0.0251	2.0817	2.5049	643.8295	226	0.0841	0.2211	191484.6774	3.5802	0.1877	48	1
7.7769	0.0481	5.5924	67.742	0.1638	0.3444	0.169	2.5385	0.1697	0.9573	0.1715	0.2504	13.1088	0.0502	3.0931	2.6889	500.6428	227	0.1908	0.1959	409127.0618	3.1961	0.1753	10	0
7.2629	0.0642	9.4796	40.12	0.1955	0.2878	0.138	5.9227	0.2048	0.9536	0.0513	0.2304	35.0649	0.0169	2.5086	2.5506	1660.8354	218	0.0786	0.1758	427615.0944	4.006	0.1804	66	0
7.0549	0.0893	5.8811	127.5864	0.2642	0.3814	0.1758	4.619	0.277	0.9169	0.192	0.2608	10.055	0.0663	1.7139	2.2078	334.771	224	0.2067	0.2124	400637.1854	3.4532	0.2186	28	0
6.9311	0.0667	6.185	24.7466	0.1988	0.3621	0.175	3.2192	0.1969	0.9391	0.2121	0.2698	10.7805	0.0627	2.4041	2.5248	295.2385	210	0.207	0.2146	148485.8841	3.801	0.1751	15	0
7.2987	0.0706	5.6504	78.9929	0.2193	0.3477	0.1623	3.411	0.2255	0.9333	0.195	0.2446	10.5067	0.0607	1.9231	2.3938	403.7496	234	0.2155	0.1923	617742.2976	3.6192	0.1895	23	1
6.9736	0.0901	6.0736	81.4248	0.2611	0.343	0.1533	4.2752	0.2276	0.9639	0.2518	0.1897	9.4234	0.07	2.7441	2.3979	537.8392	231	0.2214	0.1597	969647.7058	3.9453	0.1629	14	0
6.2254	0.0775	1.1075	47.1382	0.2287	0.2484	0.1032	1.0967	0.3966	0.8613	0.5087	0.1514	3.4002	0.1179	0.5462	1.4986	394.1529	125	0.424	0.127	2293797.742	0.9488	0.3746	15	1
7.1113	0.0761	6.5979	53.4274	0.2409	0.3408	0.1559	4.7272	0.234	0.9328	0.108	0.2406	13.7902	0.0355	1.891	2.316	496.4545	230	0.1417	0.1934	437215.2265	3.6021	0.2031	37	1
6.9226	0.0903	5.8578	91.2356	0.2539	0.3478	0.1629	3.7878	0.2515	0.9303	0.1402	0.2397	12.5015	0.0494	1.7884	2.2887	593.3753	233	0.1849	0.1873	397874.1733	3.279	0.2135	35	0
7.0194	0.0368	2.0939	11.7398	0.1451	0.1878	0.0839	2.1866	0.4021	0.9732	0.3121	0.0886	5.1788	0.0432	1.656	1.7744	1475.4861	144	0.2101	0.0802	9426318.176	2.3074	0.2095	4	1
7.2289	0.0753	9.0391	46.7585	0.2341	0.366	0.1751	6.2077	0.1719	0.9511	0.1434	0.2718	15.879	0.0429	3.0452	2.7336	482.2621	235	0.1325	0.2177	173354.504	4.5628	0.1498	27	0
6.9646	0.0601	2.6871	57.0653	0.1919	0.2849	0.128	1.6854	0.314	0.9466	0.3163	0.143	5.2834	0.079	1.3558	1.9441	789.0322	159	0.3154	0.1226	3451961.287	1.9432	0.2294	9	0
7.0191	0.068	5.417	40.8769	0.2082	0.36	0.1735	2.5676	0.2377	0.8998	0.1824	0.2845	11.1706	0.0633	1.5361	2.2904	329.5482	208	0.2479	0.2201	189897.4043	3.2408	0.2092	28	1
7.1069	0.0909	7.8134	117.5719	0.2673	0.3361	0.1534	5.7474	0.2323	0.9543	0.1013	0.2162	14.8245	0.0319	2.4354	2.383	767.2714	229	0.1265	0.1726	970245.3246	4.0796	0.1789	39	0
7.3907	0.0553	3.8342	65.1613	0.1766	0.287	0.1372	2.1731	0.2335	0.9634	0.2618	0.1873	9.1103	0.0627	2.5879	2.3306	584.7921	181	0.2428	0.1517	1904628.87	2.7433	0.1842	8	0
6.9422	0.0743	5.5848	44.9967	0.2253	0.3522	0.1685	3.1696	0.1961	0.9417	0.1966	0.2539	10.9466	0.0587	2.2562	2.5148	350.1458	205	0.2005	0.1939	256232.2756	3.1078	0.1856	16	0
7.2809	0.0751	11.2416	63.5809	0.2087	0.4242	0.2198	5.2883	0.1747	0.9313	0.1026	0.35	19.0619	0.0406	2.9923	2.7123	384.3014	229	0.1333	0.2771	95305.3211	4.7381	0.1562	38	1
7.6404	0.0462	4.7783	42.7927	0.1741	0.3218	0.1584	2.2242	0.2385	0.9648	0.2098	0.191	9.2365	0.0556	2.7863	2.3713	655.5021	189	0.2333	0.1564	2042575.732	2.9447	0.1776	1	0
7.477	0.07	8.6824	105.6313	0.2191	0.4439	0.2348	4.291	0.1398	0.9538	0.1433	0.3582	20.7183	0.0597	4.2787	2.9766	428.3419	255	0.1591	0.2577	39767.0119	3.9178	0.1534	16	0
7.3419	0.067	7.6915	66.2619	0.2083	0.4177	0.2122	4.0034	0.2111	0.9013	0.1365	0.3434	13.5264	0.0508	1.9824	2.465	258.3743	214	0.1597	0.2643	65737.091	3.3756	0.1942	32	1
6.221	0.0891	1.969	31.7079	0.2493	0.2589	0.1049	2.0584	0.3046	0.9205	0.394	0.1535	4.9954	0.092	0.9696	1.8765	512.0497	132	0.3157	0.1288	1366764.803	1.6944	0.2675	14	1
7.3131	0.0457	7.6151	18.0329	0.1568	0.2671	0.1299	5.1176	0.1753	0.9576	0.0605	0.2193	31.0568	0.0181	2.6105	2.7208	1641.7655	221	0.0857	0.1695	389956.4734	3.9864	0.1642	68	0
7.4894	0.0646	10.3664	112.0611	0.202	0.4164	0.2141	4.6914	0.2149	0.8872	0.0654	0.3498	20.6898	0.0257	1.7773	2.4229	527.6817	227	0.0746	0.2653	84304.474	2.9715	0.2048	56	0
7.0941	0.072	5.9938	38.7175	0.2209	0.3535	0.1711	3.4907	0.2222	0.9215	0.1446	0.2737	12.9059	0.0501	1.8361	2.3767	388.7828	204	0.2174	0.2073	166916.9851	3.5271	0.1959	32	1
6.785	0.083	2.9725	59.9931	0.2547	0.3215	0.144	2.5743	0.3143	0.9171	0.3555	0.1977	5.1779	0.0932	1.2306	1.9195	273.761	178	0.2966	0.1626	802980.231	2.1804	0.2453	9	0
7.5034	0.0606	4.8865	107.0102	0.2006	0.3366	0.1611	2.9165	0.2002	0.9554	0.2078	0.2212	10.1385	0.0581	2.5651	2.486	561.8551	205	0.2038	0.1754	1370286.975	2.7454	0.1849	6	1
7.5325	0.0531	3.4592	83.8372	0.187	0.3031	0.1435	1.8518	0.2903	0.9511	0.247	0.1667	6.2568	0.0622	1.7409	2.0874	793.7877	203	0.2796	0.1401	5084844.397	2.3499	0.2248	0	0
6.8867	0.0545	3.8849	23.6143	0.1789	0.3267	0.1504	2.0787	0.3694	0.9547	0.323	0.1702	5.822	0.0719	1.9333	1.91	408.7858	188	0.2143	0.1439	1499534.744	2.2088	0.2035	2	0
7.5725	0.0527	6.5265	45.1587	0.1785	0.2969	0.147	3.1444	0.1692	0.9562	0.0996	0.25	21.1203	0.0288	2.8937	2.7755	792.5506	255	0.1401	0.1862	382320.0513	3.72	0.1728	42	0
7.6855	0.0464	4.8933	33.6648	0.1734	0.2617	0.1246	3.2949	0.1589	0.9758	0.1682	0.1828	15.2589	0.0376	3.8405	2.7743	1120.7423	225	0.1829	0.1495	906515.3076	3.6591	0.1549	6	0
6.775	0.0763	4.0742	37.0658	0.2254	0.3416	0.1608	2.3129	0.2409	0.9127	0.2526	0.2512	8.238	0.0758	1.502	2.2426	292.323	202	0.2719	0.1936	294114.5556	2.558	0.219	18	1
8.1186	0.0398	4.9579	71.0907	0.1501	0.2467	0.1222	2.4469	0.1902	0.9639	0.1253	0.2066	17.3458	0.032	2.8773	2.6371	1300.441	221	0.2097	0.1608	1981189.517	3.5946	0.1782	37	1
7.3259	0.0512	2.3266	85.5317	0.1783	0.2687	0.1218	1.5495	0.3243	0.9336	0.3435	0.1518	4.8445	0.079	1.1535	1.8728	613.3029	162	0.3174	0.1282	5581480.349	1.8091	0.2482	9	1
7.2321	0.0576	9.1122	25.98	0.186	0.3895	0.1946	3.8135	0.1976	0.9337	0.1105	0.3044	16.2287	0.0387	2.497	2.5604	399.4452	215	0.1528	0.2301	117975.765	4.0796	0.172	36	1
7.2807	0.046	3.9234	24.8182	0.1644	0.3039	0.1489	2.1694	0.2062	0.9477	0.1918	0.2131	9.5994	0.0519	2.0692	2.4203	449.8901	197	0.2096	0.1675	477216.4638	2.5353	0.2151	8	1
6.7475	0.0835	5.5378	39.3227	0.2471	0.3488	0.1681	4.0334	0.2435	0.8974	0.1281	0.2689	12.6136	0.0448	1.3625	2.2136	354.8769	168	0.1737	0.2029	185452.7813	2.6826	0.2244	36	1
