V1	V2	V3	V4	V5	V6	V7	V8	V9
0.06198	7.34584	4.98306	54.58862	0.20392	0.30758	0.14848	3.10154	0
0.08474	6.45434	3.66564	50.6606	0.24492	0.3248	0.1449	2.36998	0
0.05706	7.56484	6.13882	60.21006	0.19184	0.30068	0.1415	3.39498	0
0.07406	7.03514	6.56018	49.0415	0.22468	0.37012	0.179	3.61588	0
0.07164	7.1098	4.36824	95.54778	0.22276	0.2977	0.14124	3.19836	0
0.08025	6.1365	2.2087	22.5818	0.2283	0.30755	0.1346	1.72325	0
0.07776	7.0833	7.60396	51.14442	0.2379	0.36442	0.17174	4.6015	0
0.08064	6.74636	3.8832	87.16634	0.23532	0.33358	0.15316	2.43946	0
0.0659	7.105	5.9629	43.3313	0.2148	0.3714	0.1822	3.1449	0
0.0824	6.556225	3.607125	43.6766	0.240575	0.325225	0.146975	2.700075	0
0.07283333	6.8633	5.2148	39.79943333	0.22233333	0.3669	0.18046667	3.34203333	0
0.082175	6.7115	4.25465	46.507425	0.244375	0.319	0.145775	3.03205	0
0.08094	6.86168	5.16838	50.3302	0.24318	0.32984	0.15116	3.74554	0
0.03784	7.39386	3.26574	17.40762	0.1352	0.25362	0.1199	1.60978	1
0.04212	7.08316	2.87212	14.35188	0.15174	0.21582	0.0977	1.81136	1
0.055875	7.0645	2.281775	37.6884	0.1968	0.2524	0.112575	1.73445	1
0.08054	6.67216	3.1367	61.6013	0.24382	0.31374	0.14124	2.24986	1
0.0747	6.88462	4.91066	45.20944	0.2268	0.34728	0.16486	3.0519	1
0.0372	7.657525	3.7542	20.328175	0.144	0.237525	0.118125	2.2336	1
0.0388	7.3537333	3.2294	27.2378333	0.1402667	0.2815	0.1297333	1.2922	1
0.057675	7.23315	4.446525	41.812125	0.195	0.273975	0.1277	2.763675	0
0.059125	7.7286	6.250875	83.349275	0.200075	0.28215	0.131175	4.00695	0
0.0461	7.417075	2.916325	38.803875	0.160075	0.2476	0.1176	1.884875	1
0.0798	6.948825	6.20835	48.12355	0.238325	0.345125	0.158775	3.940175	0
0.06365	7.17245	5.4583	40.04915	0.19955	0.31955	0.151	3.12975	1
0.03778	7.58918	3.75262	20.98882	0.1452	0.24908	0.12146	2.05888	1
0.03505	8.20785	4.297675	46.086825	0.138275	0.2612	0.125075	1.9226	1
0.065125	7.173375	5.410075	48.589975	0.2117	0.319575	0.149525	3.093425	1
0.06428	7.2399	2.68334	133.26286	0.20554	0.26874	0.12294	1.96176	1
0.07465	6.85355	6.02905	54.0424	0.2263	0.3078	0.1466	4.03345	1
0.0444	7.59518	4.1264	35.54302	0.16594	0.29188	0.13744	2.07868	1
0.07844	6.77092	4.20798	43.48978	0.23698	0.34434	0.16234	2.8627	0
0.06475	7.237725	5.47645	56.546925	0.213825	0.3204	0.146925	2.833175	1
0.06586	7.3697	4.57208	182.71188	0.2097	0.3163	0.15328	2.80704	0
0.0729	7.03128	6.57888	44.609	0.2199	0.37302	0.1842	3.69852	1
0.053	6.88108	1.96392	27.91044	0.18352	0.21792	0.09344	1.50666	1
0.04186	7.01508	4.68924	10.8177	0.15366	0.27634	0.13386	2.5449	1
0.05534	7.30284	3.34028	59.95348	0.18924	0.28452	0.13014	1.8467	1
0.08416667	6.65176667	7.9365	32.29766667	0.24263333	0.34133333	0.16	5.2092	0
0.047025	7.418775	3.616525	33.33115	0.164725	0.25895	0.1212	2.053325	1
0.048775	7.41205	4.760925	30.63275	0.17345	0.294375	0.144975	2.529625	1
0.03975	7.00055	2.4957	12.755375	0.142075	0.243375	0.114575	1.34305	1
0.07276	7.0934	6.41112	52.77688	0.22522	0.37306	0.18244	3.48126	1
0.02918	7.90964	2.83232	22.3594	0.11892	0.22588	0.11072	1.37332	1
0.08342	6.46968	3.81358	34.008	0.24052	0.3237	0.1506	2.76708	1
0.04155	6.7685	4.672975	8.0418	0.1459	0.304425	0.1411	1.9734	0
0.07716	6.80726	5.86504	43.24932	0.23014	0.31474	0.1419	3.76924	0
0.07504	6.9382	5.92558	43.3736	0.2128	0.3582	0.17018	3.57058	0
0.0557	7.40502	7.53122	34.235	0.18892	0.37832	0.19008	3.737	0
0.04532	7.42384	3.85698	32.31134	0.1598	0.29248	0.13384	2.06926	1
0.0359	7.49014	2.3658	21.14812	0.1415	0.21966	0.10262	1.50008	0
0.03233333	7.54783333	3.97656667	11.86736667	0.12923333	0.219	0.1062	2.17606667	1
0.07968	7.0385	5.76014	64.83404	0.24014	0.34576	0.16344	3.84052	0
0.04082	7.41168	1.83854	37.74832	0.15044	0.20814	0.0915	1.15	1
0.057625	7.63945	5.12	115.164875	0.193575	0.32035	0.156425	2.98885	1
0.0722	6.93058	3.67554	54.58426	0.22382	0.32578	0.14924	2.49506	1
0.05896	7.47674	3.99218	93.8003	0.2014	0.26254	0.12066	3.03186	0
0.082	6.7448	6.489	29.1018	0.2435	0.38795	0.19175	4.3148	1
0.08578	6.8863	5.78374	70.73308	0.24642	0.33596	0.15426	4.00758	0
0.06492	7.33864	4.23534	94.94294	0.20742	0.31512	0.15204	2.69856	1
0.06102	7.46196	5.76044	69.64306	0.20146	0.34014	0.15966	3.40968	1
0.03508	7.60694	3.4085	18.84056	0.14018	0.25026	0.11906	1.79648	1
0.04938333	7.24641667	4.08833333	25.74566667	0.17485	0.28861667	0.13246667	2.34575	1
0.06316	7.26154	4.18066	63.5227	0.20196	0.28994	0.1398	2.83558	0
0.04112	7.64866	3.02946	33.69864	0.15332	0.21358	0.1034	1.99008	1
0.05296	7.71776	5.6578	83.26322	0.1811	0.32152	0.15748	2.95074	1
0.030375	7.44	2.992675	11.16455	0.1172	0.229775	0.1125	1.4485	0
0.05134	7.36724	2.84934	63.6249	0.17796	0.30696	0.13922	1.5896	1
0.0366	7.3404	2.64068	14.58654	0.14052	0.20636	0.09822	1.63208	1
0.04762	7.4495	8.53682	23.46002	0.16584	0.29534	0.14656	4.1262	1
0.06448	7.16894	3.369	75.1187	0.2078	0.27454	0.1241	2.3374	1
0.07314	6.88416	3.13696	74.09794	0.22782	0.2682	0.1188	2.38674	0
0.0792	6.8374	5.6479	38.964933	0.2405	0.3414	0.1591	3.695533	0
0.0848	6.78374	5.33292	54.25688	0.2501	0.32572	0.14856	3.61568	0
0.08834	6.4215	3.37236	41.75034	0.24978	0.31034	0.13762	2.8056	0
0.038625	7.5085	3.421225	22.955475	0.146825	0.250475	0.116675	1.713475	1
0.0334	7.559075	3.8195	14.76905	0.13395	0.25735	0.121975	1.776	0
0.054975	7.440575	4.141075	81.98945	0.1838	0.303225	0.14475	2.122225	1
0.0617	7.47186	4.49516	100.2537	0.2045	0.29472	0.14022	2.87958	1
0.03812	7.54642	2.7592	25.69278	0.14244	0.22452	0.10406	1.65662	0
0.04126	7.44896	2.56336	26.32604	0.15336	0.20982	0.09698	1.63642	1
0.07978	6.9643	6.58156	49.65134	0.2398	0.33082	0.15234	4.49614	0
0.06154	7.24502	3.46218	65.94554	0.20764	0.26304	0.1213	2.53874	0
0.0477	7.7451	4.7285	78.6911	0.1612	0.3285	0.1603	1.9555	1
0.034775	7.59075	3.09905	21.750825	0.13575	0.249875	0.1133	1.3601	1
0.04274	7.78702	3.54452	55.65908	0.15762	0.2412	0.1132	1.7795	0
0.05245	7.513175	7.366425	33.5554	0.1801	0.271225	0.132725	4.589925	0
0.06352	7.32318	5.05684	65.86766	0.2086	0.3196	0.15252	3.10092	0
0.048	7.2708	3.60765	29.7934	0.169075	0.26655	0.124575	1.91195	0
0.03374	7.32476	2.71952	12.83872	0.13302	0.21788	0.1048	1.52072	0
0.05305	7.5748	5.52045	43.80775	0.180975	0.270625	0.12835	3.2778	0
0.05146	7.13084	2.54734	28.01474	0.18062	0.22742	0.10486	1.92654	0
0.04066	7.6092	2.9314	44.72724	0.14956	0.2447	0.11076	1.57188	1
0.04255	7.329	4.07555	17.2919	0.15995	0.26115	0.1217	2.71825	0
0.0653	7.32286	4.08616	110.7726	0.20858	0.29392	0.13812	2.67806	0
0.04724	7.56058	4.43248	37.28886	0.1721	0.25744	0.12042	2.58482	0
0.0422	7.6978	3.755233	34.807433	0.1557	0.2329	0.1091	2.162033	0
0.082125	6.791375	4.6271	62.21175	0.2404	0.33225	0.15455	2.957825	0
0.07515	6.9932	4.0726	73.9239	0.231325	0.36465	0.17265	2.627925	1
0.066375	7.098225	6.7823	35.7073	0.207925	0.3914	0.197325	3.4791	1
0.06506	6.8979	4.1758	31.26458	0.20598	0.34064	0.16198	2.58642	0
0.082225	6.745075	5.22865	46.419675	0.24065	0.3322	0.156975	3.612825	0
0.06692	7.11558	4.2781	53.83466	0.21874	0.31152	0.14282	2.65766	0
0.08158	6.82854	4.05714	64.98888	0.24128	0.33716	0.15658	2.66732	1
0.0865	6.761925	5.597675	71.9472	0.243575	0.3306	0.1521	3.707275	0
0.073175	7.092375	6.720975	58.638125	0.221075	0.388775	0.194775	3.66865	0
0.03665	7.727775	3.6894	24.3263	0.144725	0.2483	0.1172	2.012975	1
0.03998	7.54714	3.4842	23.4819	0.14788	0.23132	0.10954	2.19772	0
0.0824	6.89152	4.49302	81.9683	0.24212	0.32954	0.14912	2.97312	0
0.07792	6.85104	4.33776	53.58766	0.2328	0.32074	0.14766	3.01534	0
0.06306667	7.29696667	7.035	66.11386667	0.2024	0.3409	0.16903333	3.63796667	0
0.04216	7.53774	3.093	29.74076	0.15816	0.25808	0.1177	1.89346	1
0.07034	6.98458	7.28512	38.33108	0.21384	0.38724	0.19554	3.84634	0
0.069975	6.993125	5.94335	40.467975	0.210525	0.3695	0.1801	3.0653	1
0.04452	7.0418	2.39126	17.89236	0.15524	0.23336	0.1072	1.529	0
0.0689	6.7742667	6.3083333	25.2957333	0.2037333	0.3801667	0.1900333	2.9309	1
0.06906	6.64658	3.11642	24.33102	0.21892	0.26996	0.11642	2.13422	0
0.04954	7.30014	3.30666	34.54592	0.17106	0.23134	0.10364	2.21914	1
0.04836667	7.5029	3.25266667	41.67396667	0.1677	0.2502	0.1165	2.11283333	0
0.061	7.13892	3.14028	61.03144	0.20002	0.26552	0.12306	2.31402	1
0.0744	7.31375	10.685475	67.99995	0.2237	0.37015	0.178175	6.096975	1
0.082025	6.926175	7.210725	46.420275	0.244775	0.3607	0.168675	4.57225	1
0.06366	7.30726	5.29146	58.9543	0.20294	0.30004	0.14346	3.25764	0
0.04358	7.3159	3.20176	20.82264	0.15164	0.2429	0.11352	1.74768	1
0.06133333	7.30656667	5.2007	54.63963333	0.19683333	0.30046667	0.141	3.2231	1
0.08132	6.82966	5.00236	64.92924	0.24246	0.34314	0.16148	3.25286	0
0.06108	7.47736	5.74082	65.91774	0.2052	0.30376	0.14484	3.61606	0
0.08392	6.75902	4.44844	55.09814	0.23866	0.34752	0.1617	2.96344	0
0.05624	7.16584	3.52296	33.73734	0.19322	0.24908	0.11294	2.69386	1
0.04456	7.23506	3.15352	20.49402	0.16244	0.21222	0.0965	2.10486	1
0.05744	7.4814	4.17712	101.38662	0.1908	0.3048	0.14648	2.33146	1
0.03646667	7.2521	2.6277	13.28073333	0.147	0.23003333	0.11243333	1.55706667	1
0.0415	7.22164	2.30982	27.1159	0.1517	0.22484	0.10212	1.36124	0
0.09062	6.82124	6.23762	59.52678	0.25636	0.3321	0.15154	4.33396	0
0.0401	7.25618	3.5993	14.60338	0.14828	0.23198	0.10608	1.9829	1
0.044175	7.63925	3.46175	39.307775	0.162575	0.240975	0.113875	2.09085	1
0.07334	7.20626	5.43496	88.6936	0.2269	0.31512	0.14556	3.85788	1
0.04994	7.32434	5.36388	22.16078	0.17744	0.27796	0.13032	3.0241	0
0.0343	7.7638667	3.3712667	23.8934	0.1305	0.2540333	0.1217667	1.6729	1
0.0433	7.65786	3.51372	43.76778	0.1563	0.26648	0.12624	1.98396	0
0.06896667	7.2412	5.5286	74.25713333	0.2136	0.36996667	0.1775	3.08186667	1
0.04038	7.29724	3.92936	16.81554	0.14616	0.27808	0.13208	1.99074	1
0.03375	7.47665	4.5058	13.468	0.1213	0.29505	0.1446	2.0157	0
0.07222	7.21132	4.42742	115.37628	0.2261	0.3071	0.14674	3.206	1
0.05856	7.46766	4.00088	91.75762	0.19798	0.2778	0.13022	2.79746	0
0.0486	7.35888	3.1332	30.2826	0.17288	0.25	0.11646	2.19578	1
0.034575	7.087525	3.136875	10.271475	0.13165	0.20435	0.098975	1.948925	0
0.0482	7.0826	3.8385	17.75	0.1726	0.29	0.1392	2.3749	1
0.05354	7.58054	4.46738	63.91796	0.1875	0.28684	0.1375	2.71506	0
0.09432	6.64296	4.76636	67.14456	0.2611	0.32768	0.14908	3.31724	0
0.07844	6.90654	3.87502	116.09334	0.23736	0.3451	0.16508	2.52948	0
0.06456	7.26074	6.02542	57.35316	0.20256	0.31006	0.14988	3.41186	1
0.0691	7.1461	3.37726	114.30802	0.21564	0.2843	0.12954	2.50712	0
0.0642	7.28724	4.20554	84.13824	0.20908	0.31616	0.14804	2.7321	0
0.05902	7.4931	5.34078	88.67884	0.19408	0.33168	0.16394	3.00036	0
0.07746	6.70556	3.3878	52.58542	0.22636	0.3327	0.15566	2.38936	0
0.03762	7.52688	3.78006	18.65306	0.1429	0.24914	0.11722	2.08816	1
0.07942	6.8563	6.62096	45.64862	0.23876	0.36798	0.17858	3.93252	0
0.050775	7.3694	4.568625	59.417825	0.172775	0.2753	0.129625	2.396825	1
0.06624	7.35434	7.78804	59.9773	0.20548	0.36856	0.17994	4.05946	1
0.0379	7.8061	3.883725	27.1636	0.142125	0.235775	0.111025	2.23585	1
0.0617	7.3233	5.366	43.755	0.19655	0.28415	0.1368	3.5175	1
0.061525	7.6152	7.493175	113.884525	0.198175	0.438075	0.230225	3.24155	1
0.04283333	7.0834	3.73436667	13.41246667	0.16233333	0.26323333	0.1276	2.27986667	0
0.0372	7.01185	4.123825	8.9395	0.13825	0.26995	0.12655	2.109925	1
0.07612	7.0914	3.92738	156.06214	0.23568	0.28464	0.1334	3.1883	1
0.03016	7.39208	1.9502	11.77842	0.1204	0.20414	0.09844	1.0154	1
0.0753	7.092	8.9932	40.5242	0.2381	0.3981	0.2016	4.9835	0
0.04476667	7.37526667	5.02743333	20.18333333	0.15806667	0.29113333	0.13886667	2.22706667	0
0.0338	7.717625	3.5601	20.3912	0.126175	0.2479	0.118975	1.74365	1
0.05798	7.2742	3.97396	48.39464	0.19538	0.28068	0.12724	2.4547	1
0.06533333	6.9261	5.30446667	31.87666667	0.2027	0.37523333	0.1845	2.74593333	0
0.03755	7.236125	2.790925	12.80835	0.146975	0.253625	0.1179	1.474325	0
0.064	7.27098	3.45178	109.93598	0.20456	0.31138	0.1495	2.23122	0
0.04736	7.31714	2.89518	30.06786	0.16692	0.25528	0.11822	1.6595	1
0.0809	6.70468	5.1009	43.33298	0.23972	0.35172	0.16906	3.42888	0
0.051375	7.28345	6.0352	22.865725	0.177725	0.318475	0.153625	3.145	1
0.04172	7.63332	4.2014	27.68204	0.15412	0.25302	0.11946	2.64784	0
0.039025	7.6035	3.4896	25.71625	0.147875	0.246225	0.116425	1.907425	1
0.09376	6.5746	6.3271	51.23358	0.26538	0.33298	0.14678	4.21872	0
0.05982	7.17946	3.3957	59.65856	0.19454	0.2664	0.12232	2.0704	1
0.04445	7.4778	3.125225	29.49155	0.164275	0.22995	0.108525	2.162	1
0.0668	6.99685	6.3619	30.477725	0.205325	0.392425	0.197475	3.38685	1
0.042525	7.4939	3.676275	28.610575	0.162425	0.261875	0.12125	1.9494	0
0.04256	7.62546	3.2518	33.64182	0.15836	0.2174	0.10152	2.19122	1
0.08226	6.82518	7.37334	39.11928	0.246	0.36916	0.17954	4.6097	0
0.04492	7.25486	4.03528	20.37326	0.15182	0.27996	0.13014	1.88796	0
0.06442	7.17574	4.77158	53.14842	0.21234	0.3083	0.1424	2.72148	0
0.10788	6.50534	5.78638	81.2702	0.29864	0.36278	0.16572	4.43418	0
0.042825	7.720725	4.9387	34.708975	0.1573	0.259725	0.123725	2.697275	1
0.08062	6.75904	3.86986	71.3203	0.23838	0.3223	0.14852	2.69638	1
0.0358	7.51415	3.4311	18.72005	0.141975	0.2515	0.117825	1.86215	0
0.0576	7.4828	4.7384	69.9632	0.1892	0.314775	0.152525	2.707525	1
0.0763	7.1520333	5.7751	66.3680333	0.2438333	0.3253667	0.1573	4.3240333	1
0.05454	6.89386	3.10902	33.40312	0.19112	0.24022	0.10348	2.1369	1
0.04216	7.64024	5.15344	24.74464	0.15586	0.26498	0.1277	2.74886	0
0.08146	6.61872	4.7539	36.80926	0.23728	0.34504	0.16372	3.10734	1
0.06644	7.35644	5.71304	100.94724	0.2121	0.31744	0.1553	3.5033	1
0.04953333	7.2269	4.50513333	22.73156667	0.17296667	0.23776667	0.11116667	3.37796667	0
0.0436	7.9371	6.1251	60.8524	0.152	0.3281	0.1577	2.7797	0
0.08412	6.2721	2.66282	29.8592	0.23564	0.31244	0.13816	2.04246	0
0.055	7.3911	3.5371	64.9949	0.182	0.2675	0.126	2.2326	0
0.0698	6.9853	4.6309	57.4228	0.2188	0.3523	0.1653	2.9533	1
0.0605	7.5466	8.2328	52.2097	0.2089	0.3603	0.1776	4.0005	1
0.0698	7.2456	9.0656	53.4308	0.2181	0.4152	0.2095	5.5341	1
0.058	7.3655	3.0891	93.4584	0.1974	0.252	0.1163	2.2471	0
0.0677	7.275	10.9853	47.4793	0.1942	0.4237	0.22	5.8429	0
0.0821	6.5413	6.2634	24.8614	0.2338	0.3635	0.1749	3.9773	1
0.0259	7.9258	2.6033	16.7307	0.1086	0.2425	0.12	1.2275	1
0.0751	6.8537	3.8487	40.6081	0.2314	0.3039	0.1364	2.9434	1
0.0446	7.4085	3.3268	22.3984	0.1701	0.2577	0.1223	2.0052	0
0.0693	7.1337	6.8267	36.7547	0.2282	0.3233	0.1573	4.8147	0
0.0912	6.8111	6.0517	64.5989	0.2643	0.3318	0.1513	4.0925	0
0.0799	6.8579	6.812	43.1593	0.2424	0.3835	0.1862	3.5217	1
0.0833	7.0635	5.8855	70.4917	0.2569	0.3567	0.1692	4.0628	0
0.0638	6.4736	2.9464	21.3821	0.1965	0.2914	0.1227	1.8287	1
0.0666	7.5746	10.6467	88.6271	0.2135	0.3829	0.1906	5.4225	1
0.0718	7.3327	4.7309	123.8023	0.2112	0.3207	0.146	2.7382	1
0.0613	7.3106	4.401	59.7869	0.2025	0.3154	0.1472	2.6283	0
0.0837	7.142	7.3412	53.9736	0.2507	0.3511	0.1645	5.7446	0
0.0737	7.2262	5.1413	82.062	0.2245	0.3585	0.1712	3.1765	0
0.0547	7.7666	5.9442	82.6376	0.1894	0.3079	0.1425	3.3712	0
0.0719	7.3537	6.2809	88.8089	0.2224	0.3505	0.167	3.7455	0
0.0675	6.9907	6.9035	36.9488	0.1995	0.3764	0.1859	3.7082	0
0.0862	6.728	4.2718	69.8395	0.2419	0.3294	0.1498	3.1134	0
0.0746	6.9317	5.4318	45.4885	0.2301	0.3575	0.1635	2.8793	0
0.0406	7.2245	3.5622	14.1264	0.1546	0.2577	0.1169	1.848	0
0.0387	7.5083	3.1553	29.3588	0.144	0.236	0.1104	1.5463	0
0.0823	7.0741	5.844	62.1656	0.2391	0.334	0.1558	4.2194	1
0.086	6.924	6.7814	54.1033	0.2403	0.3407	0.1562	4.5301	1
0.0598	7.3328	4.2293	81.8085	0.194	0.3049	0.1472	2.4682	0
0.0535	7.2786	3.6174	35.494	0.1888	0.3089	0.1483	2.0939	0
0.0663	6.7169	2.0107	40.9125	0.1898	0.2387	0.0973	1.5398	1
0.0768	6.9431	6.4969	34.6991	0.2496	0.3658	0.1816	4.5817	0
0.0546	7.4423	5.094	48.126	0.178	0.2996	0.1452	2.5649	0
0.0768	7.1825	8.8155	63.4885	0.2355	0.4372	0.2294	5.2417	1
0.0787	6.9604	5.6249	48.1162	0.2474	0.355	0.167	4.4618	0
0.0609	7.0661	3.3511	80.4368	0.193	0.2788	0.1329	2.2072	1
0.0681	7.1026	3.6821	60.8389	0.2264	0.2622	0.1197	3.2599	0
0.07	7.1174	12.9437	36.9621	0.1999	0.4266	0.2228	6.1289	0
0.0748	7.0532	4.7108	85.5494	0.2307	0.3029	0.1373	3.6889	0
0.0705	6.8128	4.0367	37.0076	0.216	0.3382	0.1614	2.4725	0
0.06	7.4874	4.803	84.2863	0.2043	0.2975	0.144	3.4855	1
0.0496	7.4705	5.333	51.3304	0.1796	0.3206	0.1514	2.24	0
0.0528	7.2696	4.7774	28.8903	0.1728	0.3452	0.167	2.6093	1
0.0784	6.6842	4.588	37.7967	0.2276	0.3525	0.1628	3.1136	0
0.0623	7.6369	6.8264	233.1144	0.1938	0.3018	0.1451	4.258	0
0.0884	6.6136	4.3912	49.8333	0.2521	0.3229	0.1493	3.042	0
0.0788	7.1741	7.9569	57.2724	0.2456	0.3666	0.1708	4.93	0
0.0639	6.8074	2.2601	54.4765	0.2068	0.2628	0.1197	1.7847	1
0.0664	7.0018	4.7374	38.115	0.1959	0.3422	0.163	2.8682	1
0.0795	6.6642	3.6661	42.6306	0.2233	0.3393	0.1543	2.5833	0
0.043	7.5754	1.8679	62.6513	0.1538	0.2364	0.1108	1.2246	0
0.0548	6.7933	4.0255	16.8306	0.1776	0.2684	0.126	2.5357	0
0.0602	7.5287	6.4238	55.2288	0.1939	0.3051	0.1446	3.8871	0
0.0585	7.567	3.9371	125.5217	0.1962	0.2826	0.1327	2.2553	0
0.0472	7.3735	6.0195	24.0706	0.1586	0.2517	0.1192	3.6831	0
0.0793	6.4331	1.9851	42.6729	0.2407	0.2513	0.1046	1.8681	1
0.0723	7.1326	8.0446	52.4628	0.2192	0.397	0.2002	4.2958	0
0.0654	6.8102	2.3864	44.7251	0.2044	0.2467	0.1007	1.8669	0
0.0682	7.1399	6.4582	42.165	0.2209	0.348	0.1639	3.8828	0
0.1024	6.2842	3.8876	40.335	0.2894	0.3148	0.1418	3.5899	0
0.074	6.7724	3.577	56.896	0.2235	0.2817	0.1192	2.5708	1
0.0462	7.3062	2.8747	37.9891	0.1547	0.2438	0.1157	1.4285	0
0.0707	7.2023	5.2132	60.8955	0.2167	0.3325	0.1545	3.1963	1
0.0661	7.2776	4.8046	75.726	0.2109	0.3407	0.1602	2.9151	0
0.046	7.2453	7.6495	17.0485	0.161	0.4052	0.2107	2.552	0
0.0709	7.104	7.7569	34.5359	0.2398	0.3398	0.1656	5.4569	1
0.0605	7.4411	6.7134	53.3787	0.1703	0.3774	0.1839	2.9156	0
0.058	7.4517	4.007	63.3281	0.1969	0.272	0.1237	2.7831	0
0.0436	7.3158	1.936	53.4	0.1577	0.2414	0.1079	1.0264	0
0.0677	7.0557	7.8682	33.1959	0.2002	0.3853	0.1883	3.3862	1
0.0871	6.5973	2.9012	72.187	0.2406	0.2762	0.1128	2.2775	0
0.0841	6.7902	3.2443	97.0433	0.2445	0.328	0.148	2.2147	0
0.066	7.5435	14.3552	79.7175	0.2052	0.4134	0.2103	6.7171	1
0.045	7.6798	4.3749	33.9057	0.1648	0.2863	0.1359	2.7192	0
0.0478	7.28	2.4483	66.3808	0.1676	0.2663	0.1192	1.2645	0
0.0402	7.6533	3.9987	23.007	0.1617	0.2394	0.1191	2.2947	1
0.0838	7.2151	7.1517	72.1684	0.2503	0.3699	0.1764	4.5302	0
0.0591	7.0362	3.0173	31.2159	0.1919	0.2208	0.0958	2.1732	0
0.0423	8.0808	3.3977	124.9499	0.1533	0.2553	0.1213	1.966	0
0.0544	7.3611	6.7519	32.62	0.1815	0.3414	0.1681	3.3784	0
0.0877	6.7133	6.5589	46.2068	0.2629	0.3742	0.1824	4.9043	1
0.0636	7.4953	9.6629	69.1599	0.2008	0.3744	0.1818	4.6879	1
0.0481	7.7769	5.5924	67.742	0.1638	0.3444	0.169	2.5385	0
0.0642	7.2629	9.4796	40.12	0.1955	0.2878	0.138	5.9227	0
0.0893	7.0549	5.8811	127.5864	0.2642	0.3814	0.1758	4.619	0
0.0667	6.9311	6.185	24.7466	0.1988	0.3621	0.175	3.2192	0
0.0706	7.2987	5.6504	78.9929	0.2193	0.3477	0.1623	3.411	1
0.0901	6.9736	6.0736	81.4248	0.2611	0.343	0.1533	4.2752	0
0.0775	6.2254	1.1075	47.1382	0.2287	0.2484	0.1032	1.0967	1
0.0761	7.1113	6.5979	53.4274	0.2409	0.3408	0.1559	4.7272	1
0.0903	6.9226	5.8578	91.2356	0.2539	0.3478	0.1629	3.7878	0
0.0368	7.0194	2.0939	11.7398	0.1451	0.1878	0.0839	2.1866	1
0.0753	7.2289	9.0391	46.7585	0.2341	0.366	0.1751	6.2077	0
0.0601	6.9646	2.6871	57.0653	0.1919	0.2849	0.128	1.6854	0
0.068	7.0191	5.417	40.8769	0.2082	0.36	0.1735	2.5676	1
0.0909	7.1069	7.8134	117.5719	0.2673	0.3361	0.1534	5.7474	0
0.0553	7.3907	3.8342	65.1613	0.1766	0.287	0.1372	2.1731	0
0.0743	6.9422	5.5848	44.9967	0.2253	0.3522	0.1685	3.1696	0
0.0751	7.2809	11.2416	63.5809	0.2087	0.4242	0.2198	5.2883	1
0.0462	7.6404	4.7783	42.7927	0.1741	0.3218	0.1584	2.2242	0
0.07	7.477	8.6824	105.6313	0.2191	0.4439	0.2348	4.291	0
0.067	7.3419	7.6915	66.2619	0.2083	0.4177	0.2122	4.0034	1
0.0891	6.221	1.969	31.7079	0.2493	0.2589	0.1049	2.0584	1
0.0457	7.3131	7.6151	18.0329	0.1568	0.2671	0.1299	5.1176	0
0.0646	7.4894	10.3664	112.0611	0.202	0.4164	0.2141	4.6914	0
0.072	7.0941	5.9938	38.7175	0.2209	0.3535	0.1711	3.4907	1
0.083	6.785	2.9725	59.9931	0.2547	0.3215	0.144	2.5743	0
0.0606	7.5034	4.8865	107.0102	0.2006	0.3366	0.1611	2.9165	1
0.0531	7.5325	3.4592	83.8372	0.187	0.3031	0.1435	1.8518	0
0.0545	6.8867	3.8849	23.6143	0.1789	0.3267	0.1504	2.0787	0
0.0527	7.5725	6.5265	45.1587	0.1785	0.2969	0.147	3.1444	0
0.0464	7.6855	4.8933	33.6648	0.1734	0.2617	0.1246	3.2949	0
0.0763	6.775	4.0742	37.0658	0.2254	0.3416	0.1608	2.3129	1
0.0398	8.1186	4.9579	71.0907	0.1501	0.2467	0.1222	2.4469	1
0.0512	7.3259	2.3266	85.5317	0.1783	0.2687	0.1218	1.5495	1
0.0576	7.2321	9.1122	25.98	0.186	0.3895	0.1946	3.8135	1
0.046	7.2807	3.9234	24.8182	0.1644	0.3039	0.1489	2.1694	1
0.0835	6.7475	5.5378	39.3227	0.2471	0.3488	0.1681	4.0334	1
